296.287407476	-0.000264105405048
296.211464632	-0.000534531561632
296.0839065	-0.000535534284763
295.954842	-0.000534563693722
295.792316576	-0.000533353623485
295.383944182	-0.000531832705818
294.238165765	-0.000526696408647
291.733676121	-0.000521556539939
287.384255667	-0.000519778153455
280.522223139	-0.000501427304778
271.480853526	-0.000501405386368
262.144765921	-0.000501055263474
255.3112445	-0.000494839348289
251.038556737	-0.000488015203158
248.474974132	-0.000483509807289
246.896754658	-0.000479693840632
245.648197158	-0.000477188723184
244.141538921	-0.000474128146316
241.839639395	-0.000470407150263
238.449414263	-0.000465906951868
234.182588947	-0.000460799253763
229.659872	-0.000457783388921
225.458039921	-0.000453222669868
221.788094184	-0.000449901522605
218.563537158	-0.000445361860026
215.579839684	-0.000441388136026
212.625609605	-0.000438024911737
209.548098711	-0.000433759137263
206.285866868	-0.000429601350526
202.880725526	-0.000427177445789
199.430217289	-0.000423840517737
196.019583553	-0.000420493292342
192.659076763	-0.000415540482447
189.338164421	-0.000412840292658
186.048675711	-0.000408111378974
182.748534789	-0.000405163958895
179.438791289	-0.000399100690184
176.108153053	-0.000395355927895
172.746206632	-0.000390313696158
169.346525	-0.000386245153711
165.884407632	-0.000381953161605
162.348864263	-0.000376158361211
158.809003974	-0.000372700542105
155.337705684	-0.000368097894447
151.986477526	-0.000363739803711
148.680564184	-0.000359126611684
145.352465026	-0.000354642412763
141.986559842	-0.000349405547868
138.602837895	-0.000345423775947
135.248053737	-0.000342271297053
131.907729316	-0.000336992241579
128.582005316	-0.000333378989053
125.264012658	-0.000327905389026
121.941534316	-0.000323386912947
118.615248447	-0.000318339526132
115.280304895	-0.000314010551737
111.940150526	-0.000309442073816
108.605828895	-0.000304921023763
105.278414316	-0.000301268407763
101.959688658	-0.000295181535447
98.6564109789	-0.000290455192684
95.3348515579	-0.000286412961079
92.0027495526	-0.000281336682342
88.6588225711	-0.000276923412684
85.3279719658	-0.000271276077842
81.9999350763	-0.000268091857158
78.6826276579	-0.000262247056263
75.3710813079	-0.000258147023158
72.0572137105	-0.000253678580368
68.7293127158	-0.000249273344763
65.3779229474	-0.000244804781895
62.0276281447	-0.0002395916485
58.6926456868	-0.000234604707711
55.3691995947	-0.000230541562079
52.0443501632	-0.000226262543605
48.7018931289	-0.000222994102711
45.3754630158	-0.000219480805974
42.0806628	-0.000215222905711
38.7680348763	-0.000213354338211
35.4258003263	-0.000207514833316
32.1562410763	-0.000204293677868
28.9127570526	-0.000201104164684
25.7863553526	-0.000198688309158
22.5608481263	-0.000196814567553
19.4011968789	-0.000196651381526
16.2896736684	-0.000195175092553
13.1581242842	-0.000193772378237
10.3137886753	-0.000191551383895
8.11279232974	-0.000189964597263
6.85999468816	-0.000192948806053
6.23860486605	-0.000193130443368
5.90186790289	-0.000193604181211
5.69352852921	-0.000194209378421
5.54942107316	-0.000193527828079
5.45031689132	-0.000192875124684
5.37417510632	-0.000194117222184
5.31304885921	-0.000193917241368
5.26861748447	-0.000193409331079
5.23390323842	-0.000192830409237
5.20077342211	-0.000193196098
5.175766655	-0.000193727714605
5.15420496053	-0.000193285594605
5.13709507816	-0.000192896133684
5.12381161105	-0.000193385637816
5.10998692526	-0.000193298657395
5.09477327737	-0.000193640849553
5.08093829316	-0.000194185592711
5.07021507842	-0.000193359222421
5.05947784737	-0.000193835547763
5.04655603947	-0.000193925
5.03805662921	-0.000193617097526
5.02533257921	-0.000193467074974
5.01858701079	-0.0001928749555
5.00471863658	-0.000193656582342
5.00043834789	-0.000194164545421
4.99953706263	-0.000193596059947
