298.80860235	-0.001702145973
298.771030316	-0.00170694605079
298.682307605	-0.00170632868474
298.598138	-0.00170600212917
298.485501382	-0.00170451023
298.18580003	-0.00170129370697
297.316712576	-0.00169767734485
295.157255853	-0.00169234176647
291.054096606	-0.00168481972727
284.461640829	-0.001674199784
275.341712921	-0.00167299558211
265.398594447	-0.00167451861526
258.074923684	-0.00166819931132
253.621481263	-0.00166073766132
251.058888421	-0.00165583372474
249.595593421	-0.00165210911395
248.518357632	-0.00164931296947
247.167132868	-0.00164667780868
244.943115026	-0.00164256308342
241.491997974	-0.00163791163421
237.049119974	-0.00163458651658
232.367847763	-0.00163152197553
228.120588658	-0.00162881024526
224.506398526	-0.00162416974842
221.376685026	-0.00161958238526
218.476540026	-0.00161557532211
215.569746105	-0.00161038416816
212.490426711	-0.00160707006211
209.185256579	-0.00160284314368
205.721036553	-0.00160054290447
202.229282816	-0.00159599140974
198.790393737	-0.00159245858658
195.444835053	-0.001588399845
192.157778184	-0.00158459333079
188.873300421	-0.00158093761316
185.578905553	-0.00157751007553
182.273797763	-0.00157381166053
178.957027421	-0.00156857388
175.620744132	-0.00157003867605
172.276068816	-0.00156083006947
168.930153553	-0.00155697961026
165.565843737	-0.00155234638342
162.153466447	-0.00154834843211
158.629398211	-0.001543713505
155.051761026	-0.00153922811237
151.5403935	-0.00153568261632
148.159151553	-0.00153174193079
144.843904053	-0.00152844350368
141.558146421	-0.00152354296079
138.238065105	-0.00151988445474
134.876308921	-0.00151536488316
131.512621132	-0.00151166971132
128.150884553	-0.00150767367105
124.797559132	-0.00150380951395
121.458138921	-0.00149885911421
118.122175079	-0.00149529774158
114.806980553	-0.00149080738605
111.500763868	-0.00148622741079
108.177950895	-0.00148240832684
104.858346789	-0.00147743345974
101.539700918	-0.00147446463789
98.2176829184	-0.00146962704553
94.8827436526	-0.00146485002947
91.5512145342	-0.00146077802079
88.2172602132	-0.00145634814737
84.8928931158	-0.00145025545526
81.5645042342	-0.00144837097605
78.2544510763	-0.00144410155026
74.9425081737	-0.00143764810526
71.6236874447	-0.00143495220105
68.28909015	-0.00142963631053
64.9681216237	-0.00142816670632
61.6570972711	-0.00143008231842
58.3120157158	-0.00142643174632
54.9641789684	-0.00142153152211
51.6053348789	-0.00142328078132
48.2585968895	-0.00142775698789
44.9189731921	-0.00141199775368
41.5676622816	-0.00140827171158
38.3104866368	-0.00140507104579
35.0383598632	-0.00140226494868
31.7465244263	-0.00140049367684
28.4905676105	-0.00139674613
25.3614063632	-0.00139566621421
22.1378269447	-0.00139422899632
19.0057225632	-0.00139245447711
15.8908633026	-0.00139125414974
12.7811037026	-0.00139103030789
9.95704860974	-0.00138984011632
7.86765318263	-0.00138934754816
6.72716544947	-0.00139172880842
6.14543673132	-0.00139322823526
5.82433697132	-0.00139199910026
5.62480084605	-0.00139244615079
5.49059878026	-0.00139206360711
5.39182090474	-0.00139219737947
5.31897603921	-0.00139178405711
5.26608564974	-0.00139262619974
5.22412965737	-0.00139222540842
5.19050415921	-0.00139260679974
5.16423416711	-0.00139229839684
5.144501665	-0.00139286134579
5.13242284737	-0.00139248222974
5.11917390974	-0.00139226080763
5.10137735395	-0.00139231810579
5.08765188289	-0.00139267576711
5.070982925	-0.00139209617921
5.06180243579	-0.00139210672053
5.04896355658	-0.00139270363263
5.04105381974	-0.00139293993842
5.03084643921	-0.00139219505132
5.01792756211	-0.00139193965211
5.00720042158	-0.00139210251579
4.99845368974	-0.00139228335553
4.99903791	-0.00139277488737
