297.018881	0.00149704903567
297.0087692	-0.0005958445171
296.974028711	-0.000597857122053
296.886020684	-0.000598098675211
296.785249382	-0.000596630604118
296.586407364	-0.000595518125515
295.968236735	-0.000594185275235
294.395162	-0.000591023074939
291.269707152	-0.000589992060455
286.064530706	-0.000582718749824
278.137208263	-0.000571502190579
268.270604526	-0.000566254362737
259.606202132	-0.000558803852158
253.853736895	-0.000551403386211
250.380040632	-0.000545584240921
248.345160237	-0.000544465543684
247.021591316	-0.000541517911132
245.782818763	-0.000540930808579
244.044132211	-0.000538575160553
241.320820895	-0.000534650955974
237.501216553	-0.000529848179316
233.013807763	-0.000525710823868
228.537678079	-0.000521136890053
224.532568079	-0.000516249582895
221.067120105	-0.000512473118658
217.975428421	-0.000508817503684
215.041984553	-0.000505264635395
212.057841605	-0.000501022238026
208.913186316	-0.000497637691053
205.583143605	-0.000494087583737
202.145411605	-0.000490168959632
198.698884079	-0.000486479350026
195.302223605	-0.000482073798026
191.954957737	-0.000477418349237
188.648245526	-0.000473586632921
185.3638355	-0.000470431188289
182.066572342	-0.000466012499579
178.750978658	-0.000461814957921
175.408698263	-0.000456946398421
172.034718895	-0.000452998779921
168.629862289	-0.000448135395
165.142822237	-0.000443640452737
161.594039289	-0.000439614009684
158.062348421	-0.000434400685184
154.637473211	-0.000430642553974
151.303743	-0.000426205472658
148.005724263	-0.0004224448175
144.657756553	-0.000418463130816
141.290410816	-0.000412749859895
137.926369079	-0.000408812753868
134.578419	-0.000404025729368
131.239577632	-0.000400233544342
127.906712026	-0.000396186138711
124.569333632	-0.000390959598947
121.235678947	-0.000386370091289
117.906023842	-0.000382830317816
114.570643105	-0.000377867149079
111.240261158	-0.000373430146368
107.909457947	-0.000368927435105
104.589450368	-0.000364232571684
101.266217145	-0.000358024487263
97.9481243789	-0.000354779735974
94.6310870105	-0.000350026913395
91.3128694684	-0.000345200589263
87.9934943447	-0.000340839842053
84.6593608158	-0.000336092419368
81.3242478237	-0.000330731827474
78.0091762842	-0.000325829051395
74.6955822211	-0.000321499913658
71.3754361342	-0.000316828811526
68.0278646132	-0.000311905010605
64.6722735474	-0.000307578521947
61.3475273474	-0.000302770589842
58.0531876789	-0.000297665200789
54.7183861658	-0.000293244166842
51.3434149447	-0.000289257086526
47.9819017579	-0.000285259694632
44.6817007553	-0.000281096403632
41.40983845	-0.000275825409368
38.0853768105	-0.000272733151263
34.7585153026	-0.000269854091237
31.4765162632	-0.000265504156158
28.2584927105	-0.000263546177211
25.1264245816	-0.000261306603316
21.9025118342	-0.000259753978684
18.7742532789	-0.000257251230132
15.6298854316	-0.000256885492316
12.5256123316	-0.000258330184974
9.77992005763	-0.000257930269
7.78066517184	-0.000258609110026
6.69865355658	-0.000259522319447
6.15277862421	-0.000259824995842
5.84885499605	-0.000260051236711
5.65521630105	-0.000259477527211
5.52192284816	-0.000258367018368
5.42842438553	-0.000259446013895
5.35583304184	-0.000259143358026
5.29763195342	-0.000258835497684
5.25540561132	-0.000259264277342
5.22170546816	-0.000258785344132
5.18988268553	-0.000259182686
5.16291112447	-0.000258601044184
5.14386828289	-0.0002583088875
5.12810903447	-0.000258435367868
5.11261402395	-0.000258708968632
5.09923257579	-0.000257777233737
5.08653783684	-0.000258571965421
5.07394084474	-0.000259222105763
5.06034362	-0.000258864091579
5.04914505368	-0.000259506148921
5.03498200053	-0.000259401001211
5.02401919	-0.000258114023105
5.012773835	-0.000259306134289
5.00316587553	-0.000258342923237
5.00155468263	-0.000259024586684
5.00153870421	-0.000258908817711
