-6.19432569E-1	1.51438296E-1
-6.19432509E-1	1.51437849E-1
-6.19431317E-1	1.51436910E-1
-6.19428992E-1	1.51436582E-1
-6.19428694E-1	1.51436552E-1
-6.19427323E-1	1.51436314E-1
-6.19426548E-1	1.51435718E-1
-6.19426668E-1	1.51435643E-1
-6.19419575E-1	1.51432976E-1
-6.19412065E-1	1.51429474E-1
-6.19401872E-1	1.51427001E-1
-6.19340241E-1	1.51406690E-1
-6.19248688E-1	1.51382536E-1
-6.19189143E-1	1.51366681E-1
-6.19131386E-1	1.51346043E-1
-6.19091511E-1	1.51343197E-1
-6.19087160E-1	1.51340932E-1
-6.19082868E-1	1.51338577E-1
-6.19047105E-1	1.51284039E-1
-6.18773341E-1	1.51209012E-1
-6.18584454E-1	1.51183814E-1
-6.18166089E-1	1.51054233E-1
-6.17713571E-1	1.50955811E-1
-6.17616236E-1	1.50903851E-1
-6.17252469E-1	1.50779322E-1
-6.16839647E-1	1.50728449E-1
-6.16628408E-1	1.50660053E-1
-6.16324544E-1	1.50569275E-1
-6.15812719E-1	1.50435567E-1
-6.15390062E-1	1.50324002E-1
-6.15140617E-1	1.50269702E-1
-6.14920020E-1	1.50231868E-1
-6.14823282E-1	1.50192350E-1
-6.14727855E-1	1.50167152E-1
-6.14491820E-1	1.50111020E-1
-6.13973081E-1	1.49970651E-1
-6.13624752E-1	1.49878711E-1
-6.13326728E-1	1.49761826E-1
-6.12982690E-1	1.49702460E-1
-6.12887084E-1	1.49674252E-1
-6.12705112E-1	1.49609864E-1
-6.12418473E-1	1.49555087E-1
-6.12170279E-1	1.49452999E-1
-6.11852109E-1	1.49404898E-1
-6.11698031E-1	1.49369165E-1
-6.11558676E-1	1.49335727E-1
-6.11523449E-1	1.49333179E-1
-6.11522436E-1	1.49333015E-1
-6.11520946E-1	1.49331585E-1
-6.11520648E-1	1.49331585E-1
-6.11519694E-1	1.49331316E-1
-6.11518621E-1	1.49330601E-1
-6.11517370E-1	1.49324700E-1
-6.11405671E-1	1.49283633E-1
-6.11229837E-1	1.49246663E-1
-6.11040592E-1	1.49182841E-1
-6.10733330E-1	1.49056494E-1
-6.10266268E-1	1.48933947E-1
-6.09965980E-1	1.48856238E-1
-6.09541714E-1	1.48795381E-1
-6.09375298E-1	1.48739487E-1
-6.09241605E-1	1.48713619E-1
-6.09179497E-1	1.48705214E-1
-6.09142900E-1	1.48699299E-1
-6.09140098E-1	1.48697361E-1
-6.09139383E-1	1.48696586E-1
-6.09138012E-1	1.48697108E-1
-6.09138489E-1	1.48697153E-1
-6.09139442E-1	1.48697272E-1
-6.09139144E-1	1.48697153E-1
-6.09138131E-1	1.48696661E-1
-6.09136879E-1	1.48696452E-1
-6.09135687E-1	1.48696363E-1
-6.09132648E-1	1.48693979E-1
-6.09102547E-1	1.48680508E-1
-6.09086454E-1	1.48676082E-1
-6.09037757E-1	1.48662761E-1
-6.08885229E-1	1.48544803E-1
-6.08302593E-1	1.48334131E-1
-6.07021391E-1	1.48108751E-1
-6.06166303E-1	1.47769049E-1
-6.05298936E-1	1.47547036E-1
-6.04329765E-1	1.47376165E-1
-6.03780806E-1	1.47216141E-1
-6.03325069E-1	1.47078544E-1
-6.02669597E-1	1.46904215E-1
-6.01603270E-1	1.46635354E-1
-6.00715995E-1	1.46415651E-1
-6.00172818E-1	1.46349639E-1
-5.99785864E-1	1.46199837E-1
-5.99395812E-1	1.46083057E-1
-5.99039495E-1	1.45978406E-1
-5.98545432E-1	1.45838603E-1
-5.97782969E-1	1.45640194E-1
-5.97304761E-1	1.45517960E-1
-5.96841455E-1	1.45413786E-1
-5.96349657E-1	1.45287246E-1
-5.96004963E-1	1.45198524E-1
-5.95780671E-1	1.45168155E-1
-5.95605969E-1	1.45086184E-1
-5.95298707E-1	1.45010710E-1
-5.95114589E-1	1.44966617E-1
-5.94922960E-1	1.44935533E-1
-5.94765663E-1	1.44870237E-1
-5.94595373E-1	1.44819170E-1
-5.94371676E-1	1.44750074E-1
-5.93915105E-1	1.44670755E-1
-5.93453825E-1	1.44541979E-1
-5.93277454E-1	1.44447833E-1
-5.92816055E-1	1.44372210E-1
-5.92516184E-1	1.44285083E-1
-5.92207193E-1	1.44184306E-1
-5.91486692E-1	1.44064441E-1
-5.91041505E-1	1.43888146E-1
-5.90596259E-1	1.43723041E-1
-5.90098441E-1	1.43689916E-1
-5.90088964E-1	1.43668398E-1
-5.90087235E-1	1.43667147E-1
-5.90085864E-1	1.43667191E-1
-5.90084195E-1	1.43665507E-1
-5.90082645E-1	1.43665105E-1
-5.90075850E-1	1.43645734E-1
-5.89895785E-1	1.43604919E-1
-5.89594543E-1	1.43523514E-1
-5.89358449E-1	1.43451318E-1
-5.88926673E-1	1.43336356E-1
-5.88389158E-1	1.43130809E-1
-5.87663889E-1	1.42931297E-1
-5.87091923E-1	1.42752916E-1
-5.86037457E-1	1.42572209E-1
-5.85443974E-1	1.42311782E-1
-5.84716320E-1	1.42097354E-1
-5.83501279E-1	1.41896769E-1
-5.82638443E-1	1.41673505E-1
-5.82167864E-1	1.41554341E-1
-5.81720531E-1	1.41438484E-1
-5.80883265E-1	1.41202837E-1
-5.80062568E-1	1.40986860E-1
-5.79475343E-1	1.40835494E-1
-5.78986466E-1	1.40687451E-1
-5.78623712E-1	1.40626654E-1
-5.78338921E-1	1.40538216E-1
-5.77826917E-1	1.40445158E-1
-5.77465892E-1	1.40292257E-1
-5.77008903E-1	1.40062228E-1
-5.76062262E-1	1.39895052E-1
-5.75450659E-1	1.39736459E-1
-5.74557364E-1	1.39496550E-1
-5.73955595E-1	1.39362887E-1
-5.73266268E-1	1.39234617E-1
-5.72707891E-1	1.38997436E-1
-5.72064877E-1	1.38840854E-1
-5.71223080E-1	1.38630211E-1
-5.70749819E-1	1.38515994E-1
-5.70296347E-1	1.38347521E-1
-5.69652200E-1	1.38225377E-1
-5.68811536E-1	1.37974873E-1
-5.68155169E-1	1.37812778E-1
-5.67534566E-1	1.37665078E-1
-5.66660464E-1	1.37448087E-1
-5.65859318E-1	1.37219131E-1
-5.65510869E-1	1.36998519E-1
-5.64286113E-1	1.36794388E-1
-5.63097715E-1	1.36460766E-1
-5.62223732E-1	1.36251271E-1
-5.61568320E-1	1.36118308E-1
-5.60859263E-1	1.35907516E-1
-5.60228705E-1	1.35635972E-1
-5.59502184E-1	1.35549545E-1
-5.58507383E-1	1.35279372E-1
-5.57390273E-1	1.34981722E-1
-5.56675971E-1	1.34823784E-1
-5.56067824E-1	1.34653062E-1
-5.55020452E-1	1.34382978E-1
-5.54409444E-1	1.34242564E-1
-5.53599060E-1	1.34043783E-1
-5.53182304E-1	1.33944765E-1
-5.52756548E-1	1.33755684E-1
-5.51868975E-1	1.33583009E-1
-5.50761223E-1	1.33277252E-1
-5.49956501E-1	1.33073434E-1
-5.49264252E-1	1.32911310E-1
-5.48393905E-1	1.32687196E-1
-5.47974944E-1	1.32524490E-1
-5.47548771E-1	1.32406130E-1
-5.46766520E-1	1.32250383E-1
-5.45898974E-1	1.32022604E-1
-5.45351326E-1	1.31886810E-1
-5.44843197E-1	1.31704018E-1
-5.44193029E-1	1.31542414E-1
-5.43786049E-1	1.31436422E-1
-5.43330073E-1	1.31305009E-1
-5.42580009E-1	1.31123498E-1
-5.41928113E-1	1.31016284E-1
-5.41503191E-1	1.30914226E-1
-5.41098475E-1	1.30754501E-1
-5.40475011E-1	1.30565450E-1
-5.39910018E-1	1.30396485E-1
-5.39146960E-1	1.30199134E-1
-5.38166523E-1	1.29964769E-1
-5.37624955E-1	1.29837140E-1
-5.36942959E-1	1.29729986E-1
-5.36576271E-1	1.29627034E-1
-5.36298752E-1	1.29498139E-1
-5.35878420E-1	1.29438236E-1
-5.35212815E-1	1.29252285E-1
-5.34694731E-1	1.29038095E-1
-5.34123123E-1	1.28896520E-1
-5.33239484E-1	1.28657192E-1
-5.32280385E-1	1.28485069E-1
-5.31952977E-1	1.28313825E-1
-5.30928195E-1	1.28049776E-1
-5.30010462E-1	1.27806917E-1
-5.29366493E-1	1.27645046E-1
-5.28726578E-1	1.27481461E-1
-5.27717292E-1	1.27189070E-1
-5.26420593E-1	1.26843274E-1
-5.25478780E-1	1.26726836E-1
-5.24473727E-1	1.26334503E-1
-5.22983253E-1	1.25948578E-1
-5.22004128E-1	1.25702649E-1
-5.20580471E-1	1.25348613E-1
-5.19677579E-1	1.24971919E-1
-5.18625796E-1	1.24843948E-1
-5.17216861E-1	1.24495640E-1
-5.16425371E-1	1.24200478E-1
-5.15351474E-1	1.24045543E-1
-5.14912486E-1	1.23946570E-1
-5.14378667E-1	1.23823091E-1
-5.13999164E-1	1.23758294E-1
-5.13307512E-1	1.23615302E-1
-5.11557817E-1	1.22821853E-1
-5.08087397E-1	1.21900126E-1
-5.05724251E-1	1.21286727E-1
-5.02624750E-1	1.20740332E-1
-5.01403689E-1	1.20446987E-1
-5.01159608E-1	1.20313883E-1
-5.00320792E-1	1.20156221E-1
-4.99390334E-1	1.19911395E-1
-4.98816222E-1	1.19694337E-1
-4.97862011E-1	1.19519547E-1
-4.97099817E-1	1.19316101E-1
-4.95877087E-1	1.18991517E-1
-4.95070726E-1	1.18796274E-1
-4.93966341E-1	1.18496075E-1
-4.93341446E-1	1.18283369E-1
-4.92811382E-1	1.18212678E-1
-4.91698235E-1	1.17924646E-1
-4.91010994E-1	1.17671549E-1
-4.90338087E-1	1.17482468E-1
-4.89205033E-1	1.17295548E-1
-4.88526553E-1	1.17122561E-1
-4.88140702E-1	1.17006473E-1
-4.87656623E-1	1.16869062E-1
-4.86685991E-1	1.16577119E-1
-4.85284179E-1	1.16206259E-1
-4.84283417E-1	1.15973309E-1
-4.83163148E-1	1.15678191E-1
-4.81624395E-1	1.15300171E-1
-4.80797559E-1	1.15091048E-1
-4.79513586E-1	1.14737466E-1
-4.78492379E-1	1.14485674E-1
-4.77906734E-1	1.14334829E-1
-4.77142215E-1	1.14125334E-1
-4.75749224E-1	1.13762580E-1
-4.74898964E-1	1.13467149E-1
-4.74113017E-1	1.13369308E-1
-4.73013908E-1	1.13079712E-1
-4.72191632E-1	1.12869762E-1
-4.71602023E-1	1.12721011E-1
-4.70916480E-1	1.12445183E-1
-4.69894528E-1	1.12276025E-1
-4.69187230E-1	1.12086661E-1
-4.68107492E-1	1.11819111E-1
-4.67540264E-1	1.11632526E-1
-4.67093945E-1	1.11549862E-1
-4.66693163E-1	1.11513883E-1
-4.66636091E-1	1.11500382E-1
-4.66569871E-1	1.11461133E-1
-4.66412902E-1	1.11435667E-1
-4.65776980E-1	1.11236528E-1
-4.64893073E-1	1.11013211E-1
-4.64364707E-1	1.10885516E-1
-4.63863432E-1	1.10717051E-1
-4.63414162E-1	1.10660642E-1
-4.63187426E-1	1.10593803E-1
-4.62722212E-1	1.10510081E-1
-4.62330610E-1	1.10339217E-1
-4.61848766E-1	1.10122271E-1
-4.60886061E-1	1.09939776E-1
-4.59736735E-1	1.09638073E-1
-4.58962739E-1	1.09433092E-1
-4.58116740E-1	1.09224148E-1
-4.57021385E-1	1.08956613E-1
-4.56149369E-1	1.08819053E-1
-4.55364555E-1	1.08686619E-1
-4.53840554E-1	1.08116210E-1
-4.51552957E-1	1.07527286E-1
-4.50021148E-1	1.07128374E-1
-4.47909802E-1	1.06725946E-1
-4.47409153E-1	1.06501035E-1
-4.46909398E-1	1.06282420E-1
-4.45991307E-1	1.06199697E-1
-4.45305586E-1	1.05919078E-1
-4.44221497E-1	1.05643876E-1
-4.43504155E-1	1.05473660E-1
-4.42487091E-1	1.05230682E-1
-4.41715479E-1	1.05107136E-1
-4.41478342E-1	1.04987286E-1
-4.40714151E-1	1.04770750E-1
-4.39786255E-1	1.04603112E-1
-4.39114064E-1	1.04346409E-1
-4.38185334E-1	1.04202576E-1
-4.37623829E-1	1.04098983E-1
-4.37463820E-1	1.03936128E-1
-4.36701238E-1	1.03800349E-1
-4.35757518E-1	1.03548139E-1
-4.35091287E-1	1.03267431E-1
-4.34328079E-1	1.03188924E-1
-4.33191210E-1	1.02864400E-1
-4.31641608E-1	1.02411643E-1
-4.30317014E-1	1.02083378E-1
-4.29127067E-1	1.01789765E-1
-4.27776039E-1	1.01557225E-1
-4.27201360E-1	1.01360381E-1
-4.26710516E-1	1.01289369E-1
-4.26328540E-1	1.01143211E-1
-4.25951362E-1	1.01011239E-1
-4.25396264E-1	1.00921340E-1
-4.24852550E-1	1.00817680E-1
-4.24506217E-1	1.00671597E-1
-4.24019486E-1	1.00526497E-1
-4.23146039E-1	1.00452721E-1
-4.22200680E-1	9.98932645E-2
-4.21767086E-1	9.96563137E-2
-4.20075089E-1	9.94291678E-2
-4.18180972E-1	9.90981534E-2
-4.16799307E-1	9.86094400E-2
-4.15579230E-1	9.83569026E-2
-4.14239079E-1	9.81122106E-2
-4.13379461E-1	9.77497920E-2
-4.12471980E-1	9.74024981E-2
-4.11087662E-1	9.72861946E-2
-4.09520179E-1	9.68566537E-2
-4.08382416E-1	9.64741036E-2
-4.07347023E-1	9.62262750E-2
-4.05895829E-1	9.59606841E-2
-4.05075103E-1	9.57055464E-2
-4.04304177E-1	9.55975279E-2
-4.03696746E-1	9.54137072E-2
-4.03158903E-1	9.52822044E-2
-4.02677625E-1	9.51009095E-2
-4.01990175E-1	9.49756354E-2
-4.01544839E-1	9.48496088E-2
-4.01266634E-1	9.48095992E-2
-4.01122928E-1	9.47869942E-2
-4.00710016E-1	9.46905017E-2
-4.00406718E-1	9.45266187E-2
-3.99305463E-1	9.43195447E-2
-3.98093045E-1	9.40983966E-2
-3.97684515E-1	9.37587917E-2
-3.96383822E-1	9.35600698E-2
-3.95655215E-1	9.33285505E-2
-3.94892067E-1	9.29686129E-2
-3.93413961E-1	9.27396491E-2
-3.92388076E-1	9.24627259E-2
-3.91138673E-1	9.19743627E-2
-3.89269233E-1	9.17361826E-2
-3.87852311E-1	9.14946496E-2
-3.86727333E-1	9.09919664E-2
-3.85327309E-1	9.04585421E-2
-3.83142948E-1	9.02692452E-2
-3.80695254E-1	8.96207988E-2
-3.79899353E-1	8.91166925E-2
-3.77813667E-1	8.88151154E-2
-3.75845879E-1	8.83065388E-2
-3.74567896E-1	8.79881680E-2
-3.72477233E-1	8.74713957E-2
-3.71185422E-1	8.71476829E-2
-3.70020509E-1	8.67044479E-2
-3.68137985E-1	8.62580463E-2
-3.66281837E-1	8.61001089E-2
-3.64955664E-1	8.55434164E-2
-3.63489836E-1	8.50262120E-2
-3.61499935E-1	8.47223476E-2
-3.60077739E-1	8.44860226E-2
-3.59397531E-1	8.42902362E-2
-3.58818233E-1	8.41998756E-2
-3.58545691E-1	8.40857700E-2
-3.58195424E-1	8.39861110E-2
-3.57518196E-1	8.38269889E-2
-3.56876403E-1	8.37197751E-2
-3.56420577E-1	8.35416764E-2
-3.55864882E-1	8.33186954E-2
-3.54827583E-1	8.32218006E-2
-3.53980750E-1	8.28930214E-2
-3.52792293E-1	8.26147273E-2
-3.52128357E-1	8.24554041E-2
-3.51369709E-1	8.22861865E-2
-3.51039618E-1	8.22169036E-2
-3.50628346E-1	8.21511447E-2
-3.50350887E-1	8.20817128E-2
-3.50310683E-1	8.20735544E-2
-3.50292593E-1	8.20732787E-2
-3.50290418E-1	8.20726529E-2
-3.50289792E-1	8.20711404E-2
-3.50275040E-1	8.20669830E-2
-3.50209445E-1	8.20320025E-2
-3.49779874E-1	8.16687644E-2
-3.47472757E-1	8.11995044E-2
-3.45099598E-1	8.06115717E-2
-3.41077983E-1	7.95809701E-2
-3.38226289E-1	7.86771923E-2
-3.35291624E-1	7.82845914E-2
-3.33508313E-1	7.78400972E-2
-3.32509398E-1	7.75565058E-2
-3.31691831E-1	7.75002092E-2
-3.31169426E-1	7.72992596E-2
-3.30620527E-1	7.70677254E-2
-3.29598874E-1	7.69057274E-2
-3.28641206E-1	7.67364874E-2
-3.27869624E-1	7.64162838E-2
-3.26356620E-1	7.60693997E-2
-3.25322926E-1	7.57899731E-2
-3.24004233E-1	7.52729252E-2
-3.21825743E-1	7.49492347E-2
-3.20524544E-1	7.46271461E-2
-3.18494916E-1	7.41234347E-2
-3.17351073E-1	7.37877339E-2
-3.16094011E-1	7.36872777E-2
-3.15282673E-1	7.33661130E-2
-3.14525694E-1	7.31053129E-2
-3.13323200E-1	7.28908479E-2
-3.11418742E-1	7.23785013E-2
-3.10010105E-1	7.18877241E-2
-3.08597714E-1	7.15560019E-2
-3.06501061E-1	7.12104142E-2
-3.05317819E-1	7.08353072E-2
-3.03871930E-1	7.05052391E-2
-3.02921951E-1	7.03893825E-2
-3.01630050E-1	7.00774118E-2
-3.00800711E-1	6.97753131E-2
-2.99475908E-1	6.95676506E-2
-2.98325270E-1	6.92867115E-2
-2.97991604E-1	6.90675899E-2
-2.97152847E-1	6.89826608E-2
-2.96846747E-1	6.89437687E-2
-2.96821177E-1	6.89391494E-2
-2.96817839E-1	6.89379349E-2
-2.96817452E-1	6.89368695E-2
-2.96816796E-1	6.89365938E-2
-2.96818733E-1	6.89368621E-2
-2.96818167E-1	6.89296573E-2
-2.96745360E-1	6.88949227E-2
-2.96504498E-1	6.88043535E-2
-2.96040207E-1	6.87304959E-2
-2.94695705E-1	6.83791041E-2
-2.93607175E-1	6.79789409E-2
-2.91920632E-1	6.77045137E-2
-2.90448219E-1	6.73261285E-2
-2.89458364E-1	6.70961440E-2
-2.88326502E-1	6.68291748E-2
-2.86613733E-1	6.63984343E-2
-2.85553843E-1	6.59967437E-2
-2.83873081E-1	6.57356158E-2
-2.82771826E-1	6.54466301E-2
-2.81519383E-1	6.49519116E-2
-2.79325753E-1	6.44457266E-2
-2.77253807E-1	6.42812178E-2
-2.76091009E-1	6.38198107E-2
-2.74141431E-1	6.33415952E-2
-2.72606343E-1	6.29685223E-2
-2.70211786E-1	6.23923317E-2
-2.68732667E-1	6.19411953E-2
-2.67056912E-1	6.18183017E-2
-2.65822321E-1	6.14851005E-2
-2.65365392E-1	6.11386001E-2
-2.63758153E-1	6.08738326E-2
-2.62067676E-1	6.04634210E-2
-2.61056334E-1	6.00802749E-2
-2.59329319E-1	5.98271526E-2
-2.57881254E-1	5.95873818E-2
-2.56905884E-1	5.92459962E-2
-2.56082237E-1	5.90651669E-2
-2.55529284E-1	5.89650124E-2
-2.55003214E-1	5.87986819E-2
-2.53760576E-1	5.84860109E-2
-2.52787620E-1	5.82505874E-2
-2.51233280E-1	5.78605346E-2
-2.50110358E-1	5.74950278E-2
-2.48290032E-1	5.72091714E-2
-2.46455669E-1	5.67654110E-2
-2.45313898E-1	5.65186404E-2
-2.44459793E-1	5.63349985E-2
-2.43789390E-1	5.61698526E-2
-2.43437856E-1	5.60544878E-2
-2.42969677E-1	5.59853315E-2
-2.42541909E-1	5.59167713E-2
-2.42456704E-1	5.58657683E-2
-2.42350385E-1	5.58624864E-2
-2.42342934E-1	5.58522157E-2
-2.42250189E-1	5.57959378E-2
-2.41904631E-1	5.57011850E-2
-2.41615862E-1	5.56662157E-2
-2.40972117E-1	5.55071756E-2
-2.40489110E-1	5.53458072E-2
-2.39706621E-1	5.52136414E-2
-2.38060474E-1	5.47850989E-2
-2.36706346E-1	5.44119850E-2
-2.33665615E-1	5.39117008E-2
-2.30665028E-1	5.31169996E-2
-2.29793772E-1	5.24561182E-2
-2.27052867E-1	5.20687029E-2
-2.25037351E-1	5.17537370E-2
-2.23814651E-1	5.13356067E-2
-2.22175613E-1	5.09825908E-2
-2.21039116E-1	5.06885611E-2
-2.19929114E-1	5.04180230E-2
-2.18219072E-1	5.00173159E-2
-2.16611460E-1	4.97626178E-2
-2.15689600E-1	4.93600406E-2
-2.13887051E-1	4.89278361E-2
-2.12024331E-1	4.86261696E-2
-2.10593447E-1	4.81102653E-2
-2.09252268E-1	4.78856675E-2
-2.07809240E-1	4.76699062E-2
-2.06207231E-1	4.72797938E-2
-2.05106318E-1	4.69050556E-2
-2.02999592E-1	4.65650447E-2
-2.01565161E-1	4.60876636E-2
-2.00330451E-1	4.56629992E-2
-1.98445216E-1	4.54161018E-2
-1.97205380E-1	4.52443101E-2
-1.96710467E-1	4.50818837E-2
-1.96190685E-1	4.50020023E-2
-1.96102142E-1	4.49930839E-2
-1.96101710E-1	4.49865609E-2
-1.95999652E-1	4.49593998E-2
-1.95905939E-1	4.49278131E-2
-1.95757776E-1	4.48818803E-2
-1.95465729E-1	4.48188484E-2
-1.95271984E-1	4.47886139E-2
-1.95059657E-1	4.46785018E-2
-1.94601178E-1	4.45800573E-2
-1.94310471E-1	4.45435345E-2
-1.93538114E-1	4.43060249E-2
-1.92366630E-1	4.38471474E-2
-1.90115601E-1	4.34975028E-2
-1.87813088E-1	4.29454483E-2
-1.86243191E-1	4.24876846E-2
-1.84713259E-1	4.23032530E-2
-1.83546618E-1	4.21114415E-2
-1.83065414E-1	4.16804850E-2
-1.81049660E-1	4.12753709E-2
-1.79517612E-1	4.11507748E-2
-1.78501546E-1	4.08035628E-2
-1.77688822E-1	4.06758375E-2
-1.77417234E-1	4.06319611E-2
-1.77217737E-1	4.05422784E-2
-1.76787347E-1	4.04259376E-2
-1.76187307E-1	4.03289646E-2
-1.75719470E-1	4.01322469E-2
-1.75058976E-1	3.98529284E-2
-1.73797280E-1	3.96675430E-2
-1.72580108E-1	3.94661613E-2
-1.71661377E-1	3.92459966E-2
-1.70256197E-1	3.87827903E-2
-1.68612823E-1	3.86542231E-2
-1.68016896E-1	3.82122882E-2
-1.65921524E-1	3.77496332E-2
-1.64055631E-1	3.76164652E-2
-1.63153648E-1	3.72872762E-2
-1.61933914E-1	3.70134637E-2
-1.61147803E-1	3.68825942E-2
-1.60708770E-1	3.67181823E-2
-1.60256520E-1	3.65930051E-2
-1.59821689E-1	3.65462266E-2
-1.59666300E-1	3.65187339E-2
-1.59549892E-1	3.65054347E-2
-1.59494489E-1	3.64856943E-2
-1.59391165E-1	3.64554524E-2
-1.59053206E-1	3.63691300E-2
-1.58644468E-1	3.61873955E-2
-1.57376319E-1	3.59654129E-2
-1.56098410E-1	3.54949795E-2
-1.53910518E-1	3.49703133E-2
-1.51374012E-1	3.45608443E-2
-1.50440305E-1	3.40855718E-2
-1.47618890E-1	3.35100815E-2
-1.45272791E-1	3.31629291E-2
-1.43897548E-1	3.27481404E-2
-1.42910480E-1	3.26296054E-2
-1.42487496E-1	3.25656980E-2
-1.42311409E-1	3.25217322E-2
-1.42064959E-1	3.24598290E-2
-1.41876668E-1	3.23937908E-2
-1.41680226E-1	3.23428251E-2
-1.41301110E-1	3.22668254E-2
-1.41078264E-1	3.22443098E-2
-1.40990227E-1	3.22284363E-2
-1.40946791E-1	3.22175920E-2
-1.40954912E-1	3.22207622E-2
-1.40921727E-1	3.22089382E-2
-1.40805066E-1	3.21691372E-2
-1.40467450E-1	3.20918895E-2
-1.40105382E-1	3.20359915E-2
-1.39809817E-1	3.19216624E-2
-1.39199510E-1	3.17685790E-2
-1.38448492E-1	3.15745324E-2
-1.37305140E-1	3.12516205E-2
-1.34473547E-1	3.05826236E-2
-1.31078422E-1	2.97516063E-2
-1.28578201E-1	2.91239489E-2
-1.24602474E-1	2.82178149E-2
-1.22144803E-1	2.73898207E-2
-1.18826479E-1	2.69408114E-2
-1.17027000E-1	2.65561193E-2
-1.14532776E-1	2.59691440E-2
-1.12926453E-1	2.56067347E-2
-1.10495321E-1	2.50117686E-2
-1.08121403E-1	2.44930089E-2
-1.06772944E-1	2.41578855E-2
-1.06002755E-1	2.37358175E-2
-9.91509557E-2	2.30231490E-2
-9.72379372E-2	2.23759320E-2
-9.50152352E-2	2.12782696E-2
-9.11178887E-2	2.03297790E-2
-8.76478925E-2	1.98210645E-2
-8.68583024E-2	1.94960739E-2
-8.56920108E-2	1.93124525E-2
-8.53341073E-2	1.92618743E-2
-8.53352845E-2	1.92544200E-2
-8.53345171E-2	1.92457344E-2
-8.53340104E-2	1.92407556E-2
-8.53349343E-2	1.92360543E-2
-8.53337646E-2	1.92284826E-2
-8.53335336E-2	1.92229711E-2
-8.52399394E-2	1.91766638E-2
-8.48835632E-2	1.90677233E-2
-8.39728117E-2	1.88227277E-2
-8.26023221E-2	1.86021701E-2
-8.14316347E-2	1.81453619E-2
-7.98714533E-2	1.76040754E-2
-7.76327625E-2	1.72518287E-2
-7.60919228E-2	1.68820396E-2
-7.39399791E-2	1.64138637E-2
-7.30339959E-2	1.60597041E-2
-7.13294223E-2	1.57640837E-2
-7.07639381E-2	1.53354630E-2
-6.89570829E-2	1.50442393E-2
-6.69201165E-2	1.47080049E-2
-6.56503215E-2	1.42692784E-2
-6.46291971E-2	1.39221316E-2
-6.32185414E-2	1.37040922E-2
-6.24528266E-2	1.34874471E-2
-6.17620535E-2	1.33349067E-2
-6.13461249E-2	1.32813128E-2
-6.05463423E-2	1.30385701E-2
-5.96103854E-2	1.26649002E-2
-5.79491854E-2	1.23958960E-2
-5.61205260E-2	1.19393663E-2
-5.55866510E-2	1.17382091E-2
-5.44900149E-2	1.15156807E-2
-5.35510890E-2	1.13425767E-2
-5.29122464E-2	1.11064250E-2
-5.20020425E-2	1.08914115E-2
-5.14103062E-2	1.07556572E-2
-5.09415753E-2	1.06374975E-2
-5.02766520E-2	1.04801878E-2
-4.95099574E-2	1.03393961E-2
-4.89335656E-2	1.00955348E-2
-4.82668579E-2	9.84529499E-3
-4.70443368E-2	9.63360630E-3
-4.58399318E-2	9.33293439E-3
-4.54720147E-2	9.14039649E-3
-4.41096276E-2	8.90170876E-3
-4.26882543E-2	8.53341445E-3
-4.18700911E-2	8.21785629E-3
-4.06129546E-2	8.00253544E-3
-3.96834575E-2	7.80900894E-3
-3.91806401E-2	7.54746795E-3
-3.84371392E-2	7.23262364E-3
-3.73411812E-2	7.03864964E-3
-3.67453471E-2	6.78293686E-3
-3.57317589E-2	6.54314412E-3
-3.51949893E-2	6.39780192E-3
-3.44249681E-2	6.23745425E-3
-3.37411985E-2	5.95069304E-3
-3.24871317E-2	5.73339080E-3
-3.17886807E-2	5.44011826E-3
-3.11149787E-2	5.15311165E-3
-2.99357995E-2	4.97953594E-3
-2.91373935E-2	4.77282237E-3
-2.86702104E-2	4.59273485E-3
-2.81254575E-2	4.51049535E-3
-2.80254353E-2	4.46842285E-3
-2.79842410E-2	4.41700500E-3
-2.77783796E-2	4.36632428E-3
-2.74052918E-2	4.25447803E-3
-2.72647124E-2	4.13590902E-3
-2.68718228E-2	4.06676391E-3
-2.65175030E-2	3.94663448E-3
-2.62925643E-2	3.88172152E-3
-2.60587595E-2	3.75513779E-3
-2.56009549E-2	3.65714519E-3
-2.50811931E-2	3.51670571E-3
-2.47460604E-2	3.42136179E-3
-2.42776703E-2	3.34141147E-3
-2.39615645E-2	3.23976041E-3
-2.39065532E-2	3.16009996E-3
-2.36719530E-2	3.11843771E-3
-2.34943889E-2	3.04278499E-3
-2.33057737E-2	2.98824068E-3
-2.30141208E-2	2.93658883E-3
-2.25956459E-2	2.81720376E-3
-2.23863199E-2	2.62808241E-3
-2.16840785E-2	2.50029285E-3
-2.09372714E-2	2.36181286E-3
-2.05179229E-2	2.17176066E-3
-1.98642034E-2	2.00073235E-3
-1.92097854E-2	1.87005627E-3
-1.87698584E-2	1.67171273E-3
-1.82877854E-2	1.54543063E-3
-1.77682377E-2	1.44498830E-3
-1.74092632E-2	1.32390682E-3
-1.71780474E-2	1.21776387E-3
-1.69275496E-2	1.14792620E-3
-1.65331233E-2	1.06453837E-3
-1.62544996E-2	9.35341697E-4
-1.58325583E-2	8.51591758E-4
-1.54346758E-2	7.28063926E-4
-1.52464826E-2	6.65949483E-4
-1.50237577E-2	5.69547468E-4
-1.47411581E-2	5.01023664E-4
-1.45472772E-2	4.08634893E-4
-1.42102400E-2	2.98376515E-4
-1.38758309E-2	2.67664989E-4
-1.36235375E-2	1.59685791E-4
-1.33818584E-2	3.08696472E-5
-1.28834220E-2	-5.98394035E-5
-1.24590537E-2	-1.88097067E-4
-1.21288262E-2	-3.37508565E-4
-1.17792822E-2	-4.18597163E-4
-1.14452913E-2	-5.29643847E-4
-1.11814151E-2	-6.05448848E-4
-1.07334638E-2	-6.74586801E-4
-1.02609536E-2	-8.12892220E-4
-9.88780241E-3	-9.57582670E-4
-9.55949631E-3	-1.04463787E-3
-9.23800189E-3	-1.10695639E-3
-9.14072152E-3	-1.14836346E-3
-9.14110150E-3	-1.16878573E-3
-9.13965795E-3	-1.18196313E-3
-9.13246442E-3	-1.21687900E-3
-9.04111937E-3	-1.24497479E-3
-8.90333671E-3	-1.27263344E-3
-8.76660924E-3	-1.31180906E-3
-8.72070063E-3	-1.33389398E-3
-8.67887400E-3	-1.34174281E-3
-8.67675990E-3	-1.35418214E-3
-8.67568795E-3	-1.36659585E-3
-8.67577642E-3	-1.37047248E-3
-8.67660809E-3	-1.38265698E-3
-8.67686607E-3	-1.39205949E-3
-8.67624581E-3	-1.39753975E-3
-8.67596734E-3	-1.40256120E-3
-8.67519621E-3	-1.40958629E-3
-8.67535826E-3	-1.41615386E-3
-8.67666956E-3	-1.42049813E-3
-8.67681578E-3	-1.42626639E-3
-8.67758226E-3	-1.42934767E-3
-8.67753383E-3	-1.43199915E-3
-8.67679995E-3	-1.43576507E-3
-8.67704488E-3	-1.43754994E-3
-8.67814943E-3	-1.44011888E-3
-8.67887214E-3	-1.44434965E-3
-8.67877621E-3	-1.44905993E-3
-8.67839810E-3	-1.45271339E-3
-8.67828634E-3	-1.45699678E-3
-8.67793616E-3	-1.46421557E-3
-8.67933035E-3	-1.47038151E-3
-8.67973454E-3	-1.47259398E-3
-8.67957808E-3	-1.47801661E-3
-8.67978111E-3	-1.48274389E-3
-8.67961720E-3	-1.48552412E-3
-8.67988169E-3	-1.48923288E-3
-8.67990591E-3	-1.49175944E-3
-8.68045725E-3	-1.49369868E-3
-8.67870077E-3	-1.49476388E-3
-8.67789052E-3	-1.49640767E-3
-8.67789797E-3	-1.49757182E-3
-8.69005825E-3	-1.49672735E-3
-8.69273394E-3	-1.48296077E-3
-7.71423895E-3	-1.98160997E-3
-5.11139492E-3	-2.19077850E-3
-3.37135652E-3	-2.84460071E-3
-1.62695674E-3	-3.52766598E-3
-3.28799274E-6	-3.68755846E-3
-2.76961487E-6	-3.73337767E-3
-2.51523102E-6	-3.78199853E-3
-2.32303000E-6	-3.80964065E-3
-2.21788468E-6	-3.84541624E-3
-2.19696858E-6	-3.86462756E-3
-2.10425992E-6	-3.89220868E-3
-1.90979745E-6	-3.90886702E-3
-1.76395076E-6	-3.92846577E-3
-1.72890236E-6	-3.94368870E-3
-1.71420470E-6	-3.95098608E-3
-1.82839472E-6	-3.95806273E-3
-1.90810169E-6	-3.97139741E-3
-1.87022670E-6	-3.98038467E-3
-1.87927151E-6	-3.98839591E-3
-1.75038383E-6	-3.99794662E-3
-1.48243350E-6	-4.00290592E-3
-1.51409051E-6	-4.00911644E-3
-1.52030907E-6	-4.01810044E-3
-1.38181156E-6	-4.02698480E-3
-1.35863445E-6	-4.03024536E-3
-1.14947443E-6	-4.03851178E-3
-1.00588898E-6	-4.04439587E-3
-7.95033088E-7	-4.04806994E-3
-6.63884123E-7	-4.04985156E-3
-6.85365421E-7	-4.05528117E-3
-7.44721603E-7	-4.05753544E-3
-8.77566436E-7	-4.06332500E-3
-8.69086989E-7	-4.07340331E-3
-9.83842369E-7	-4.07691114E-3
-7.75247656E-7	-4.08170605E-3
-7.23805613E-7	-4.08894243E-3
-7.22674997E-7	-4.09245072E-3
-6.41837516E-7	-4.09565400E-3
-8.23297910E-7	-4.10004565E-3
-6.50882271E-7	-4.10155766E-3
-5.36692255E-7	-4.10417188E-3
-4.17979805E-7	-4.10828693E-3
-2.84004358E-7	-4.11167322E-3
-4.17414526E-7	-4.11661109E-3
-4.82423673E-7	-4.12369613E-3
-3.97629123E-7	-4.13190247E-3
-4.75074842E-7	-4.13687155E-3
-4.36634622E-7	-4.14250931E-3
-4.16283910E-7	-4.14709561E-3
-3.85192578E-7	-4.14810935E-3
-3.41099394E-7	-4.15131543E-3
-1.94687402E-7	-4.15468588E-3
-1.09327523E-7	-4.15750965E-3
-1.04805146E-7	-4.16245405E-3
-9.51950909E-8	-4.16567735E-3
-4.65800731E-8	-4.16741753E-3
-1.17807865E-7	-4.16998705E-3
-1.24026684E-7	-4.17189999E-3
-1.43812429E-7	-4.17607371E-3
-2.24649909E-7	-4.17952659E-3
-1.35332968E-7	-4.18323046E-3
-1.41551240E-7	-4.18491289E-3
-1.03111034E-7	-4.18596249E-3
4.49967992E-8	-4.18709405E-3
1.50707351E-7	-4.18905402E-3
2.44546669E-7	-4.19057766E-3
2.74507414E-7	-4.19402635E-3
2.45111949E-7	-4.19710530E-3
3.45734833E-7	-4.19909740E-3
3.54214308E-7	-4.20126738E-3
1.72753943E-7	-4.20216937E-3
2.27587748E-7	-4.20229696E-3
7.55228413E-8	-4.20351932E-3
-2.84918222E-8	-4.20471886E-3
1.76145718E-7	-4.20554914E-3
1.50707351E-7	-4.20865044E-3
1.98192311E-7	-4.21153381E-3
2.62070870E-7	-4.21256432E-3
2.68854450E-7	-4.21348074E-3
2.55287318E-7	-4.21364186E-3
2.43981361E-7	-4.21418156E-3
2.43981361E-7	-4.21487354E-3
2.79029791E-7	-4.21556691E-3
3.60997859E-7	-4.21637576E-3
3.97176876E-7	-4.21576947E-3
4.18092867E-7	-4.21460811E-3
4.40139445E-7	-4.21355339E-3
4.63881918E-7	-4.21328750E-3
3.02772264E-7	-4.21383884E-3
3.30471806E-7	-4.21568658E-3
3.24254700E-7	-4.21611499E-3
2.74509688E-7	-4.21585608E-3
3.71742487E-7	-4.21495037E-3
2.63206573E-7	-4.21419693E-3
3.80223696E-7	-4.21418063E-3
4.15272154E-7	-4.21560928E-3
3.16910388E-7	-4.21867007E-3
1.92544917E-7	-4.21947381E-3
1.54104697E-7	-4.22035763E-3
2.65468316E-7	-4.22132760E-3
5.40768212E-7	-4.22057416E-3
7.76497302E-7	-4.22283029E-3
8.26243479E-7	-4.22554696E-3
7.40883536E-7	-4.22670413E-3
6.23301673E-7	-4.23011417E-3
6.70786676E-7	-4.23091836E-3
6.07473339E-7	-4.23115958E-3
6.02950934E-7	-4.23110556E-3
5.23244012E-7	-4.23166761E-3
4.62191849E-7	-4.23215330E-3
5.40768212E-7	-4.23195912E-3
5.61118952E-7	-4.23110090E-3
7.50493598E-7	-4.22963267E-3
6.91702667E-7	-4.23004525E-3
8.01370390E-7	-4.23242385E-3
8.43767680E-7	-4.23619617E-3
8.62987804E-7	-4.23873449E-3
8.50446406E-4	-4.68498655E-3
3.56470514E-3	-5.02942922E-3
5.37186582E-3	-5.38119301E-3
8.08125082E-3	-5.91549696E-3
9.03710723E-3	-6.00948092E-3
8.95374455E-3	-6.01332262E-3
8.84532090E-3	-6.02074573E-3
8.73898901E-3	-6.02480769E-3
8.67512450E-3	-6.02759514E-3
8.68871715E-3	-6.04219269E-3
8.68805498E-3	-6.05366332E-3
8.68880190E-3	-6.06310600E-3
8.67863558E-3	-6.06960896E-3
8.67137592E-3	-6.08011521E-3
8.66787322E-3	-6.08665729E-3
8.66931863E-3	-6.09198119E-3
8.67284741E-3	-6.10215217E-3
8.67696106E-3	-6.11136761E-3
8.68117530E-3	-6.11675112E-3
8.68066959E-3	-6.12360844E-3
8.68096109E-3	-6.12976030E-3
8.68121535E-3	-6.13391306E-3
8.68243631E-3	-6.14049099E-3
8.68278649E-3	-6.14483096E-3
8.68280791E-3	-6.14720723E-3
8.68291035E-3	-6.14940049E-3
8.68250430E-3	-6.15181262E-3
8.68247263E-3	-6.15331437E-3
8.68284982E-3	-6.15537819E-3
8.68293457E-3	-6.15921291E-3
8.68328474E-3	-6.16389653E-3
8.68349802E-3	-6.16799155E-3
8.68290104E-3	-6.17412431E-3
8.68436880E-3	-6.17746636E-3
8.68483819E-3	-6.17998419E-3
8.68573878E-3	-6.18269620E-3
8.68573785E-3	-6.18417375E-3
8.68514273E-3	-6.18517026E-3
8.68475903E-3	-6.18605409E-3
8.68463516E-3	-6.18652208E-3
8.68562795E-3	-6.18762895E-3
8.68559442E-3	-6.18815608E-3
8.68617930E-3	-6.18888531E-3
8.68676789E-3	-6.19025389E-3
8.68696067E-3	-6.19220594E-3
8.68846476E-3	-6.19334541E-3
8.68915953E-3	-6.19490677E-3
8.68892390E-3	-6.19534263E-3
8.68915860E-3	-6.19639736E-3
8.68694205E-3	-6.19730027E-3
8.68461654E-3	-6.19874615E-3
8.68203584E-3	-6.19965466E-3
8.67962930E-3	-6.20019296E-3
8.67905654E-3	-6.20085606E-3
8.67901836E-3	-6.20177062E-3
8.67847074E-3	-6.20313501E-3
8.67866725E-3	-6.20458601E-3
8.67847912E-3	-6.20558718E-3
8.67841858E-3	-6.20705029E-3
8.67894571E-3	-6.20841188E-3
8.67863186E-3	-6.20997278E-3
8.69989768E-3	-6.22443762E-3
8.83989688E-3	-6.23836834E-3
8.93281214E-3	-6.25942787E-3
9.11786314E-3	-6.28195517E-3
9.28515662E-3	-6.31111627E-3
9.42966342E-3	-6.33592578E-3
9.71119758E-3	-6.37406623E-3
9.94832721E-3	-6.39188383E-3
1.00449473E-2	-6.40989048E-3
1.02245081E-2	-6.44068141E-3
1.04744583E-2	-6.48674369E-3
1.07117165E-2	-6.52635377E-3
1.10290414E-2	-6.59674080E-3
1.15399538E-2	-6.67624082E-3
1.19256061E-2	-6.72968104E-3
1.22855650E-2	-6.77700061E-3
1.26453862E-2	-6.83075236E-3
1.28801670E-2	-6.86136261E-3
1.29633686E-2	-6.89177215E-3
1.30733671E-2	-6.91780122E-3
1.31543176E-2	-6.93462789E-3
1.32147614E-2	-6.94843149E-3
1.33236442E-2	-6.98151765E-3
1.34710558E-2	-6.99876994E-3
1.36170331E-2	-7.02524232E-3
1.38017032E-2	-7.06197089E-3
1.40792113E-2	-7.09140114E-3
1.44570591E-2	-7.12908292E-3
1.46855051E-2	-7.18178228E-3
1.49665307E-2	-7.22477771E-3
1.51259452E-2	-7.25316815E-3
1.52579639E-2	-7.30178785E-3
1.56398248E-2	-7.34381936E-3
1.60956345E-2	-7.39214523E-3
1.64040029E-2	-7.46769924E-3
1.68600678E-2	-7.53368298E-3
1.70593709E-2	-7.57079618E-3
1.73680298E-2	-7.66327325E-3
1.81096196E-2	-7.74474349E-3
1.88609473E-2	-7.85376597E-3
1.93233322E-2	-7.92428199E-3
1.97247621E-2	-7.99280871E-3
1.99691299E-2	-8.02812539E-3
2.01214254E-2	-8.03969242E-3
2.02121511E-2	-8.08435399E-3
2.04659887E-2	-8.12473241E-3
2.07900722E-2	-8.15562252E-3
2.11118516E-2	-8.21561459E-3
2.15725880E-2	-8.24892148E-3
2.18417626E-2	-8.28072708E-3
2.21404787E-2	-8.34570453E-3
2.27060821E-2	-8.40810966E-3
2.32365094E-2	-8.44934210E-3
2.35744845E-2	-8.49150401E-3
2.39200462E-2	-8.53895117E-3
2.43131910E-2	-8.58476013E-3
2.48042010E-2	-8.62454996E-3
2.52190102E-2	-8.66823457E-3
2.56057959E-2	-8.74399114E-3
2.61364486E-2	-8.76127556E-3
2.65211184E-2	-8.82542785E-3
2.71951910E-2	-8.88606813E-3
2.78554764E-2	-8.92936997E-3
2.80800834E-2	-8.97532701E-3
2.87603494E-2	-9.03768279E-3
2.93291807E-2	-9.07715317E-3
2.96935048E-2	-9.13065951E-3
3.00220847E-2	-9.16337688E-3
3.05727720E-2	-9.21346433E-3
3.10191233E-2	-9.26060323E-3
3.15628536E-2	-9.35456250E-3
3.26188765E-2	-9.44714528E-3
3.35560478E-2	-9.47643258E-3
3.40758078E-2	-9.54884198E-3
3.45239788E-2	-9.60260071E-3
3.51478234E-2	-9.64212883E-3
3.55434865E-2	-9.70033742E-3
3.62244658E-2	-9.74056032E-3
3.66593041E-2	-9.77978855E-3
3.73299867E-2	-9.84241161E-3
3.77955884E-2	-9.89453308E-3
3.84061150E-2	-9.92749911E-3
3.88139449E-2	-9.96008329E-3
3.91367152E-2	-1.00020654E-2
3.96316946E-2	-1.00478670E-2
4.01854478E-2	-1.00829694E-2
4.06401977E-2	-1.01465480E-2
4.12110351E-2	-1.01973088E-2
4.22693342E-2	-1.02562178E-2
4.30521742E-2	-1.03469538E-2
4.42038365E-2	-1.04274722E-2
4.49164771E-2	-1.04520544E-2
4.57360111E-2	-1.05163418E-2
4.63089235E-2	-1.05754035E-2
4.73318063E-2	-1.06137441E-2
4.78736535E-2	-1.06720896E-2
4.81188111E-2	-1.07213641E-2
4.89710197E-2	-1.07567413E-2
4.98804934E-2	-1.07914880E-2
5.04503585E-2	-1.08378232E-2
5.14634587E-2	-1.08917346E-2
5.24636954E-2	-1.09275514E-2
5.31578213E-2	-1.09812999E-2
5.42694554E-2	-1.10192569E-2
5.49329482E-2	-1.10530006E-2
5.55500537E-2	-1.11020589E-2
5.66317663E-2	-1.11391554E-2
5.72412908E-2	-1.11496868E-2
5.81735373E-2	-1.11475857E-2
5.87839298E-2	-1.11220200E-2
5.96301630E-2	-1.11135701E-2
6.05622418E-2	-1.10814599E-2
6.11616634E-2	-1.10229691E-2
6.17767014E-2	-1.09703084E-2
6.24975264E-2	-1.08559635E-2
6.29062131E-2	-1.07763056E-2
6.35740608E-2	-1.06722564E-2
6.42142296E-2	-1.05991950E-2
6.46455437E-2	-1.05214510E-2
6.54943287E-2	-1.03238076E-2
6.64001480E-2	-1.02504306E-2
6.67307228E-2	-9.99558158E-3
6.78408742E-2	-9.20263492E-3
6.88517839E-2	-8.48093349E-3
6.94620237E-2	-7.41873821E-3
7.01053813E-2	-6.68867538E-3
7.10537285E-2	-6.21935120E-3
7.20938295E-2	-5.81434323E-3
7.27548972E-2	-5.36375679E-3
7.38095939E-2	-5.04703494E-3
7.43840262E-2	-4.64511756E-3
7.51048774E-2	-4.02660482E-3
7.61561245E-2	-3.39051546E-3
7.70862624E-2	-3.18342214E-3
7.77922198E-2	-2.45131389E-3
7.84129575E-2	-2.10584444E-3
7.93929398E-2	-1.76928693E-3
8.02333355E-2	-1.14341022E-3
8.13953951E-2	-5.28371951E-4
8.19882601E-2	-3.46568850E-4
8.29809979E-2	1.80145900E-4
8.36068988E-2	5.85329894E-4
8.47208053E-2	8.29282741E-4
8.59002471E-2	1.21567049E-3
8.62589255E-2	1.51999702E-3
8.71540606E-2	1.71798049E-3
8.79311636E-2	2.01525609E-3
8.83965790E-2	2.19307700E-3
8.88655633E-2	2.46890006E-3
8.97061750E-2	2.66071595E-3
9.02907848E-2	2.96775997E-3
9.11353827E-2	3.27337673E-3
9.21377838E-2	3.39229265E-3
9.30952355E-2	4.04610904E-3
9.40841213E-2	4.48545907E-3
9.54914913E-2	4.62165475E-3
9.65244845E-2	4.90660546E-3
9.66741219E-2	5.00707002E-3
9.67401117E-2	5.06173866E-3
9.75975245E-2	5.33721317E-3
9.87289101E-2	5.72971022E-3
1.00798912E-1	5.87519770E-3
1.02289297E-1	6.37483504E-3
1.03659630E-1	6.78593945E-3
1.05403148E-1	7.02594966E-3
1.06998026E-1	7.40808947E-3
1.08006805E-1	7.73773994E-3
1.09435521E-1	7.92943221E-3
1.10114463E-1	8.09867866E-3
1.10783421E-1	8.32174625E-3
1.11796007E-1	8.52439553E-3
1.12388387E-1	8.66539776E-3
1.13426857E-1	8.92040413E-3
1.14185229E-1	9.16705746E-3
1.15317225E-1	9.25362110E-3
1.16317935E-1	9.46954265E-3
1.16990097E-1	9.64735169E-3
1.17651775E-1	9.77058429E-3
1.18325919E-1	9.98522155E-3
1.20823294E-1	1.02176908E-2
1.20988697E-1	1.02947932E-2
1.21360108E-1	1.05362674E-2
1.21903293E-1	1.07852155E-2
1.23040438E-1	1.09337224E-2
1.23989545E-1	1.12153329E-2
1.24722943E-1	1.14094289E-2
1.25330180E-1	1.16754826E-2
1.26142651E-1	1.18741337E-2
1.26814932E-1	1.20968828E-2
1.27852902E-1	1.22152101E-2
1.28981695E-1	1.24605633E-2
1.29417732E-1	1.26125524E-2
1.30850464E-1	1.28743574E-2
1.32381499E-1	1.30732423E-2
1.33326963E-1	1.33643998E-2
1.34926111E-1	1.37064299E-2
1.36031508E-1	1.39360651E-2
1.37712732E-1	1.41808065E-2
1.38848633E-1	1.44817503E-2
1.39699131E-1	1.46645838E-2
1.40941396E-1	1.49562601E-2
1.41861632E-1	1.52982483E-2
1.43505096E-1	1.55471526E-2
1.45457447E-1	1.59647819E-2
1.46541178E-1	1.63128860E-2
1.48010433E-1	1.65175460E-2
1.48838416E-1	1.67351738E-2
1.49571374E-1	1.69971641E-2
1.50597721E-1	1.74511671E-2
1.51502460E-1	1.76744405E-2
1.51961356E-1	1.78571306E-2
1.52469039E-1	1.79755744E-2
1.52898878E-1	1.80043690E-2
1.53393671E-1	1.81017704E-2
1.53840765E-1	1.82525609E-2
1.54743671E-1	1.83534939E-2
1.55503273E-1	1.84932239E-2
1.55962467E-1	1.85953658E-2
1.56312659E-1	1.86205972E-2
1.56464890E-1	1.86551772E-2
1.56906649E-1	1.87955908E-2
1.57915458E-1	1.89209618E-2
1.59278423E-1	1.91769768E-2
1.59802198E-1	1.94661450E-2
1.61461726E-1	1.96362454E-2
1.62944809E-1	1.99213047E-2
1.63980320E-1	2.02404168E-2
1.65789738E-1	2.04685163E-2
1.67586043E-1	2.08455846E-2
1.68756098E-1	2.10692156E-2
1.70431063E-1	2.13769954E-2
1.71379730E-1	2.16356441E-2
1.72167197E-1	2.17867624E-2
1.73435003E-1	2.20364127E-2
1.74722984E-1	2.22054869E-2
1.75528258E-1	2.24441495E-2
1.76647857E-1	2.26296354E-2
1.77293748E-1	2.27125175E-2
1.77488580E-1	2.27158573E-2
1.77113071E-1	2.26010103E-2
1.76576823E-1	2.25586351E-2
1.76176012E-1	2.25278847E-2
1.76186308E-1	2.25969013E-2
1.76918998E-1	2.27287374E-2
1.78144634E-1	2.29655877E-2
1.78821594E-1	2.31555756E-2
1.79489806E-1	2.33005416E-2
1.80540740E-1	2.34452430E-2
1.81204647E-1	2.36527175E-2
1.82205841E-1	2.37748213E-2
1.82995468E-1	2.39487253E-2
1.83461234E-1	2.40991563E-2
1.84252724E-1	2.42148414E-2
1.85245633E-1	2.44452525E-2
1.85907006E-1	2.45997403E-2
1.87030047E-1	2.48438567E-2
1.88039452E-1	2.50198040E-2
1.88760772E-1	2.52724085E-2
1.89853504E-1	2.55022906E-2
1.90888241E-1	2.56624147E-2
1.91587448E-1	2.58940849E-2
1.92434952E-1	2.61795260E-2
1.93743765E-1	2.62776539E-2
1.94645777E-1	2.67828368E-2
1.96139440E-1	2.71274466E-2
1.97364122E-1	2.72323135E-2
1.98269650E-1	2.76863743E-2
1.99704498E-1	2.79705245E-2
2.00565472E-1	2.81814765E-2
2.01927915E-1	2.84840763E-2
2.02837497E-1	2.88257431E-2
2.04443529E-1	2.90993601E-2
2.06099555E-1	2.95040701E-2
2.07259342E-1	2.98723169E-2
2.08708078E-1	3.00894640E-2
2.09328055E-1	3.02748345E-2
2.09783062E-1	3.04620508E-2
2.10078239E-1	3.05506028E-2
2.10120425E-1	3.06338966E-2
2.10122734E-1	3.06460895E-2
2.10109681E-1	3.06562763E-2
2.10110620E-1	3.06893904E-2
2.10309029E-1	3.09164636E-2
2.11637527E-1	3.10277287E-2
2.13339865E-1	3.14552896E-2
2.14981139E-1	3.20995077E-2
2.17438743E-1	3.24547105E-2
2.18584672E-1	3.27689648E-2
2.19765082E-1	3.32735218E-2
2.21058816E-1	3.34139280E-2
2.21938863E-1	3.37199420E-2
2.22803310E-1	3.40441503E-2
2.24136949E-1	3.42727862E-2
2.25523740E-1	3.45195793E-2
2.26295948E-1	3.49465348E-2
2.27161542E-1	3.51908207E-2
2.28521422E-1	3.54223028E-2
2.29847685E-1	3.56638394E-2
2.30913386E-1	3.61636840E-2
2.32056007E-1	3.62604000E-2
2.33637899E-1	3.68655473E-2
2.34902427E-1	3.73577103E-2
2.36286908E-1	3.75283398E-2
2.39275843E-1	3.82814854E-2
2.40000486E-1	3.87958027E-2
2.42092043E-1	3.91072668E-2
2.43826896E-1	3.95152010E-2
2.44816586E-1	3.98163013E-2
2.46100456E-1	4.00114805E-2
2.47143954E-1	4.01983485E-2
2.47810885E-1	4.04992923E-2
2.49332249E-1	4.07697968E-2
2.50734687E-1	4.11669724E-2
2.51755804E-1	4.15954813E-2
2.53510088E-1	4.18933928E-2
2.54628450E-1	4.24123816E-2
2.55868345E-1	4.29828390E-2
2.57944018E-1	4.31818143E-2
2.59739697E-1	4.37747724E-2
2.60678798E-1	4.42322232E-2
2.61878341E-1	4.45116311E-2
2.62995660E-1	4.49469835E-2
2.63584167E-1	4.53075245E-2
2.64157265E-1	4.55333777E-2
2.64854461E-1	4.57964242E-2
2.65083969E-1	4.59168367E-2
2.65175670E-1	4.59731333E-2
2.65202373E-1	4.60116379E-2
2.65199274E-1	4.60550003E-2
2.65329003E-1	4.61539440E-2
2.66539097E-1	4.63888794E-2
2.68375814E-1	4.69000749E-2
2.70294785E-1	4.77356315E-2
2.72497922E-1	4.80338596E-2
2.74928123E-1	4.90733348E-2
2.76552141E-1	4.97423671E-2
2.78772533E-1	5.01792617E-2
2.81010389E-1	5.10140881E-2
2.82791972E-1	5.20944819E-2
2.85700798E-1	5.24634868E-2
2.88226396E-1	5.39630726E-2
2.89866835E-1	5.50327599E-2
2.91643322E-1	5.56459241E-2
2.93731153E-1	5.62874638E-2
2.95259714E-1	5.71673252E-2
2.97019839E-1	5.75932004E-2
2.97929794E-1	5.81956692E-2
2.98309326E-1	5.86060286E-2
2.98385710E-1	5.87761477E-2
2.98373640E-1	5.89563809E-2
2.98345536E-1	5.91869429E-2
2.98869789E-1	5.94275482E-2
3.00410569E-1	6.00366034E-2
3.02634627E-1	6.10442683E-2
3.04655999E-1	6.18279725E-2
3.07188153E-1	6.30597323E-2
3.09266657E-1	6.37471452E-2
3.10264826E-1	6.44747540E-2
3.11049581E-1	6.49135262E-2
3.12031120E-1	6.55264035E-2
3.12864363E-1	6.62310943E-2
3.14309508E-1	6.66835904E-2
3.15711915E-1	6.72734603E-2
3.16518128E-1	6.75620064E-2
3.17676812E-1	6.78636879E-2
3.18825215E-1	6.83353320E-2
3.19231957E-1	6.88864812E-2
3.21025848E-1	6.92180395E-2
3.21832180E-1	6.97161779E-2
3.22709858E-1	7.02212006E-2
3.24111223E-1	7.05613121E-2
3.25330555E-1	7.09325597E-2
3.26106131E-1	7.14190155E-2
3.27439457E-1	7.17323199E-2
3.28308642E-1	7.20626488E-2
3.28807831E-1	7.22795725E-2
3.29262227E-1	7.23637119E-2
3.29167515E-1	7.24016577E-2
3.29098016E-1	7.24092200E-2
3.29011947E-1	7.24108741E-2
3.29127759E-1	7.25351572E-2
3.29991698E-1	7.27469027E-2
3.31067979E-1	7.33178705E-2
3.33337367E-1	7.38175213E-2
3.35721970E-1	7.46790245E-2
3.37263495E-1	7.55044445E-2
3.39545727E-1	7.61010125E-2
3.40928555E-1	7.70446882E-2
3.42280686E-1	7.79244974E-2
3.44432175E-1	7.84992427E-2
3.46147239E-1	7.92279691E-2
3.47369790E-1	7.98588470E-2
3.49352062E-1	8.02865326E-2
3.51369709E-1	8.09775516E-2
3.52735817E-1	8.16310793E-2
3.54496032E-1	8.20063427E-2
3.55775952E-1	8.24750289E-2
3.56447488E-1	8.27060863E-2
3.56874883E-1	8.27995613E-2
3.57300609E-1	8.28994587E-2
3.57508510E-1	8.29339698E-2
3.57515365E-1	8.29478800E-2
3.57519299E-1	8.30117762E-2
3.57813984E-1	8.32628310E-2
3.58636528E-1	8.35495591E-2
3.60685706E-1	8.39935318E-2
3.63736033E-1	8.48183036E-2
3.65866125E-1	8.53609964E-2
3.68793786E-1	8.62302482E-2
3.71018946E-1	8.69300812E-2
3.72233212E-1	8.73372331E-2
3.73722225E-1	8.79252553E-2
3.75044882E-1	8.83619040E-2
3.75956267E-1	8.86340439E-2
3.77294749E-1	8.90995041E-2
3.78369451E-1	8.93912315E-2
3.79056305E-1	8.98181051E-2
3.79856169E-1	9.00615230E-2
3.80213886E-1	9.03232470E-2
3.80496591E-1	9.04244110E-2
3.80656689E-1	9.04466435E-2
3.80658299E-1	9.04931203E-2
3.80657554E-1	9.05357674E-2
3.80656362E-1	9.05654430E-2
3.80655706E-1	9.06067416E-2
3.80653381E-1	9.06269401E-2
3.80650192E-1	9.06544402E-2
3.81022096E-1	9.08928439E-2
3.81388783E-1	9.13408771E-2
3.83663923E-1	9.17137638E-2
3.85215491E-1	9.23992470E-2
3.86880249E-1	9.27516520E-2
3.88616592E-1	9.31014940E-2
3.89983684E-1	9.36924964E-2
3.90897363E-1	9.43846926E-2
3.93198550E-1	9.49764401E-2
3.96233320E-1	9.59650129E-2
3.98620695E-1	9.69420150E-2
4.00986195E-1	9.74856317E-2
4.03804064E-1	9.80391502E-2
4.05981719E-1	9.86588001E-2
4.07223850E-1	9.90505889E-2
4.08977509E-1	9.96262506E-2
4.10629213E-1	1.00132637E-1
4.11229730E-1	1.00486882E-1
4.12952185E-1	1.00815296E-1
4.14506227E-1	1.01304181E-1
4.15440887E-1	1.01703361E-1
4.16805208E-1	1.01995960E-1
4.18137580E-1	1.02432832E-1
4.19043183E-1	1.02717981E-1
4.20445800E-1	1.02996126E-1
4.22171205E-1	1.03589855E-1
4.23436940E-1	1.04149722E-1
4.24771309E-1	1.04553975E-1
4.26738441E-1	1.05169497E-1
4.27900076E-1	1.05527490E-1
4.29968685E-1	1.05934337E-1
4.32037532E-1	1.06523141E-1
4.33272749E-1	1.07026652E-1
4.35095429E-1	1.07353836E-1
4.36535239E-1	1.07698232E-1
4.37592685E-1	1.08423844E-1
4.39451933E-1	1.08776115E-1
4.40767318E-1	1.09153919E-1
4.41332012E-1	1.09280221E-1
4.41658348E-1	1.09317951E-1
4.41789061E-1	1.09319992E-1
4.41790313E-1	1.09319992E-1
4.41790611E-1	1.09332465E-1
4.42260593E-1	1.09485663E-1
4.43608165E-1	1.10132925E-1
4.44188476E-1	1.10568807E-1
4.46511179E-1	1.11268878E-1
4.48657930E-1	1.11630194E-1
4.49931413E-1	1.12188123E-1
4.51937824E-1	1.12587802E-1
4.53764081E-1	1.13200612E-1
4.55126882E-1	1.13831274E-1
4.57401574E-1	1.14287145E-1
4.59872156E-1	1.14778467E-1
4.60766852E-1	1.15822993E-1
4.63589907E-1	1.16387323E-1
4.66201425E-1	1.17157869E-1
4.67772454E-1	1.17782407E-1
4.69747335E-1	1.18146814E-1
4.71297711E-1	1.18614569E-1
4.72255439E-1	1.19057924E-1
4.73882973E-1	1.19206555E-1
4.75744963E-1	1.20733850E-1
4.77025717E-1	1.20761909E-1
4.78150427E-1	1.20850027E-1
4.79657561E-1	1.20968759E-1
4.80989069E-1	1.21276744E-1
4.81850505E-1	1.21641733E-1
4.83175725E-1	1.21884480E-1
4.84496146E-1	1.22279875E-1
4.85521942E-1	1.22773290E-1
4.87177819E-1	1.23125754E-1
4.88752156E-1	1.23642564E-1
4.89675760E-1	1.24013126E-1
4.90238756E-1	1.24118179E-1
4.90623534E-1	1.24185957E-1
4.90650356E-1	1.24188006E-1
4.90651071E-1	1.24189556E-1
4.90829796E-1	1.24295995E-1
4.91392612E-1	1.24679983E-1
4.93166924E-1	1.25060037E-1
4.96016949E-1	1.25657946E-1
4.98157054E-1	1.26978189E-1
5.01279294E-1	1.27593696E-1
5.03956437E-1	1.28195837E-1
5.05336940E-1	1.28903687E-1
5.07176220E-1	1.29445598E-1
5.08591175E-1	1.29773602E-1
5.09558797E-1	1.30186334E-1
5.10685563E-1	1.30499467E-1
5.12035966E-1	1.30801842E-1
5.13027132E-1	1.31282881E-1
5.14648914E-1	1.31590590E-1
5.15793502E-1	1.31925628E-1
5.16872227E-1	1.32398531E-1
5.18340409E-1	1.32752404E-1
5.19514620E-1	1.32977143E-1
5.20233333E-1	1.33323401E-1
5.21467805E-1	1.33671820E-1
5.22668123E-1	1.33913293E-1
5.23557901E-1	1.34368464E-1
5.25073349E-1	1.34762436E-1
5.26254714E-1	1.34991840E-1
5.27068496E-1	1.35245264E-1
5.27968943E-1	1.35583669E-1
5.29154897E-1	1.35797456E-1
5.30436873E-1	1.36223808E-1
5.31447470E-1	1.36697337E-1
5.32945633E-1	1.37018427E-1
5.34643948E-1	1.37380794E-1
5.35219252E-1	1.37916058E-1
5.37024140E-1	1.38386071E-1
5.38383007E-1	1.38631701E-1
5.39065897E-1	1.38876602E-1
5.39598107E-1	1.38949469E-1
5.39600551E-1	1.38960183E-1
5.39602458E-1	1.38977513E-1
5.39603591E-1	1.38991013E-1
5.39790213E-1	1.39079735E-1
5.40506542E-1	1.39439523E-1
5.41474760E-1	1.39899328E-1
5.43417335E-1	1.40095294E-1
5.44895053E-1	1.40648395E-1
5.46600044E-1	1.41063169E-1
5.48281848E-1	1.41383857E-1
5.49300551E-1	1.41902357E-1
5.50563395E-1	1.42469749E-1
5.52504778E-1	1.42820239E-1
5.54266751E-1	1.43334210E-1
5.55464268E-1	1.43797413E-1
5.57219863E-1	1.43963411E-1
5.58931589E-1	1.44500598E-1
5.60107827E-1	1.45041361E-1
5.61787367E-1	1.45376727E-1
5.63008130E-1	1.45781487E-1
5.63637316E-1	1.46045893E-1
5.64345002E-1	1.46172747E-1
5.64997315E-1	1.46380961E-1
5.65456927E-1	1.46607414E-1
5.66371143E-1	1.46785244E-1
5.66974699E-1	1.46983936E-1
5.67609549E-1	1.47322714E-1
5.68916082E-1	1.47752061E-1
5.70419669E-1	1.48072287E-1
5.71473658E-1	1.48510218E-1
5.72840273E-1	1.48767665E-1
5.74130714E-1	1.49033323E-1
5.74925244E-1	1.49428725E-1
5.76166630E-1	1.49801031E-1
5.76937497E-1	1.50024295E-1
5.77600121E-1	1.50294587E-1
5.78395605E-1	1.50511071E-1
5.79150498E-1	1.50660992E-1
5.79751611E-1	1.50857404E-1
5.80735862E-1	1.51145071E-1
5.81804752E-1	1.51358768E-1
5.82433939E-1	1.51677102E-1
5.83076715E-1	1.51942149E-1
5.83889544E-1	1.52099118E-1
5.84633529E-1	1.52355731E-1
5.85210621E-1	1.52565286E-1
5.85943878E-1	1.52703181E-1
5.86559415E-1	1.52832150E-1
5.86918890E-1	1.52998075E-1
5.87620556E-1	1.53219298E-1
5.88409126E-1	1.53385863E-1
5.89050114E-1	1.53665498E-1
5.89767039E-1	1.53869480E-1
5.90080559E-1	1.54000118E-1
5.90532899E-1	1.54276595E-1
5.91436028E-1	1.54572397E-1
5.92425287E-1	1.54783458E-1
5.93068540E-1	1.55066773E-1
5.93914032E-1	1.55272946E-1
5.94494700E-1	1.55414864E-1
5.94975710E-1	1.55583575E-1
5.95877767E-1	1.55850738E-1
5.96440673E-1	1.56023145E-1
5.97482085E-1	1.56350106E-1
5.98169565E-1	1.56601071E-1
5.98915279E-1	1.56721622E-1
5.99311888E-1	1.56896442E-1
5.99898756E-1	1.57034695E-1
6.00586295E-1	1.57178596E-1
6.01180077E-1	1.57460496E-1
6.02196693E-1	1.57742694E-1
6.03117645E-1	1.57926694E-1
6.03645265E-1	1.58167556E-1
6.04378402E-1	1.58302099E-1
6.05005562E-1	1.58429086E-1
6.05394244E-1	1.58615142E-1
6.05916321E-1	1.58747733E-1
6.06193542E-1	1.58803642E-1
6.06297791E-1	1.58856049E-1
6.06342137E-1	1.58861294E-1
6.06341362E-1	1.58863842E-1
6.06341898E-1	1.58866957E-1
6.06341064E-1	1.58868358E-1
6.06340349E-1	1.58870712E-1
6.06340468E-1	1.58879220E-1
6.06339812E-1	1.58903763E-1
6.06339157E-1	1.58930108E-1
6.06398702E-1	1.58976495E-1
6.06747687E-1	1.59167215E-1
6.07509553E-1	1.59398407E-1
6.08132899E-1	1.59493119E-1
6.08820558E-1	1.59800813E-1
6.09733820E-1	1.60029307E-1
6.10445499E-1	1.60173938E-1
6.10822976E-1	1.60355464E-1
6.11320674E-1	1.60489395E-1
6.11818731E-1	1.60584524E-1
6.12105608E-1	1.60727084E-1
6.12710238E-1	1.60894796E-1
6.13250136E-1	1.60991430E-1
6.13524497E-1	1.61134765E-1
6.14129663E-1	1.61305308E-1
6.14774346E-1	1.61433816E-1
6.15215540E-1	1.61614329E-1
6.15839124E-1	1.61771357E-1
6.16135955E-1	1.61812931E-1
6.16362631E-1	1.61908060E-1
6.16723001E-1	1.62042916E-1
6.17227316E-1	1.62140667E-1
6.17612422E-1	1.62327975E-1
6.18214130E-1	1.62489712E-1
6.18686795E-1	1.62576273E-1
6.18982494E-1	1.62702397E-1
6.19392097E-1	1.62803173E-1
6.19669855E-1	1.62885398E-1
6.20016277E-1	1.62950769E-1
6.20164275E-1	1.63012981E-1
6.20272160E-1	1.63046122E-1
6.20272636E-1	1.63051546E-1
6.20272219E-1	1.63056284E-1
6.20271802E-1	1.63062423E-1
6.20271385E-1	1.63064718E-1
6.20269537E-1	1.63066924E-1
6.20269418E-1	1.63066149E-1
6.20267749E-1	1.63065448E-1
6.20267034E-1	1.63066104E-1
6.20267153E-1	1.63066596E-1
6.20266259E-1	1.63066745E-1
6.20266318E-1	1.63067058E-1
6.20266616E-1	1.63067922E-1
6.20267689E-1	1.63068101E-1
6.20267987E-1	1.63068831E-1
6.20267391E-1	1.63069457E-1
6.20268226E-1	1.63069248E-1
6.20267928E-1	1.63070083E-1
6.20267987E-1	1.63071081E-1
6.20267570E-1	1.63072109E-1
6.20266557E-1	1.63074151E-1
6.20266616E-1	1.63075998E-1
6.20265603E-1	1.63077563E-1
6.20265841E-1	1.63078889E-1
6.20264828E-1	1.63079351E-1
6.20262861E-1	1.63078636E-1
6.20174646E-1	1.63044557E-1
6.20077252E-1	1.62983581E-1
6.19700134E-1	1.62898660E-1
6.19126081E-1	1.62798956E-1
6.18805051E-1	1.62678123E-1
6.18396342E-1	1.62586108E-1
6.18159354E-1	1.62532866E-1
6.17897391E-1	1.62418664E-1
6.17445648E-1	1.62293255E-1
6.16943836E-1	1.62203819E-1
6.16702020E-1	1.62138075E-1
6.16579235E-1	1.62089765E-1
6.16299808E-1	1.62073046E-1
6.16212130E-1	1.61991894E-1
6.15881741E-1	1.61900640E-1
6.15555346E-1	1.61838561E-1
6.15280926E-1	1.61709577E-1
6.14791811E-1	1.61590263E-1
6.14357948E-1	1.61513850E-1
6.14055514E-1	1.61371619E-1
6.13397598E-1	1.61207899E-1
6.13000631E-1	1.61108419E-1
6.12620413E-1	1.60962895E-1
6.12016380E-1	1.60883665E-1
6.11618161E-1	1.60782382E-1
6.11332238E-1	1.60686806E-1
6.10770941E-1	1.60537124E-1
6.10368252E-1	1.60431802E-1
6.09725296E-1	1.60248607E-1
6.09257221E-1	1.60081610E-1
6.08563960E-1	1.59962699E-1
6.08036458E-1	1.59814224E-1
6.07697785E-1	1.59727305E-1
6.07157826E-1	1.59586623E-1
6.06622756E-1	1.59479171E-1
6.06194377E-1	1.59319595E-1
6.05649531E-1	1.59184813E-1
6.05096221E-1	1.59073457E-1
6.04890049E-1	1.58905044E-1
6.04270041E-1	1.58755928E-1
6.03702486E-1	1.58658475E-1
6.03377819E-1	1.58551276E-1
6.02969408E-1	1.58458605E-1
6.02492809E-1	1.58412322E-1
6.02333784E-1	1.58270612E-1
6.01724029E-1	1.58108473E-1
6.00875974E-1	1.57940865E-1
6.00252092E-1	1.57699004E-1
5.99415362E-1	1.57490477E-1
5.98536849E-1	1.57411143E-1
5.98107278E-1	1.57218307E-1
5.97728670E-1	1.57062054E-1
5.97124040E-1	1.56956181E-1
5.96682787E-1	1.56826049E-1
5.96327186E-1	1.56662643E-1
5.95645964E-1	1.56533986E-1
5.94643772E-1	1.56253129E-1
5.93946517E-1	1.56079695E-1
5.93400002E-1	1.55872375E-1
5.92534959E-1	1.55715242E-1
5.92012405E-1	1.55510381E-1
5.91270506E-1	1.55318856E-1
5.90532064E-1	1.55197337E-1
5.90161383E-1	1.55056983E-1
5.89547455E-1	1.54965356E-1
5.89002728E-1	1.54825568E-1
5.88353217E-1	1.54541567E-1
5.87279737E-1	1.54267669E-1
5.86324692E-1	1.54094279E-1
5.85807264E-1	1.53871328E-1
5.85029185E-1	1.53683856E-1
5.84233344E-1	1.53541818E-1
5.83657563E-1	1.53306589E-1
5.83025634E-1	1.53068841E-1
5.82006752E-1	1.52972698E-1
5.80906034E-1	1.52665675E-1
5.80175638E-1	1.52372122E-1
5.79133809E-1	1.52193919E-1
5.78296781E-1	1.51952416E-1
5.77754378E-1	1.51742905E-1
5.76912940E-1	1.51595041E-1
5.76032281E-1	1.51363671E-1
5.75575709E-1	1.51214153E-1
5.75155437E-1	1.51104808E-1
5.74455619E-1	1.50916293E-1
5.73963165E-1	1.50684804E-1
5.72995663E-1	1.50509268E-1
5.71985602E-1	1.50233135E-1
5.71398675E-1	1.50085941E-1
5.70555866E-1	1.49865031E-1
5.69665074E-1	1.49696052E-1
5.69083214E-1	1.49460122E-1
5.68136096E-1	1.49204418E-1
5.67135572E-1	1.49012327E-1
5.66491008E-1	1.48816854E-1
5.65419674E-1	1.48536965E-1
5.64764261E-1	1.48359001E-1
5.64174712E-1	1.48132578E-1
5.63361228E-1	1.47965431E-1
5.62735438E-1	1.47861913E-1
5.62383831E-1	1.47712991E-1
5.61753094E-1	1.47545055E-1
5.61129451E-1	1.47438645E-1
5.60705662E-1	1.47256196E-1
5.59928536E-1	1.47064611E-1
5.59477031E-1	1.46957621E-1
5.58813632E-1	1.46832451E-1
5.58279693E-1	1.46614805E-1
5.57240248E-1	1.46423891E-1
5.56000412E-1	1.46093413E-1
5.55225194E-1	1.45806089E-1
5.54393232E-1	1.45678639E-1
5.54091811E-1	1.45589396E-1
5.53997755E-1	1.45552918E-1
5.53913295E-1	1.45532355E-1
5.53786755E-1	1.45494699E-1
5.53682983E-1	1.45447671E-1
5.53426743E-1	1.45397201E-1
5.53057551E-1	1.45319894E-1
5.52702248E-1	1.45151168E-1
5.51915944E-1	1.44923061E-1
5.50868809E-1	1.44726962E-1
5.50123453E-1	1.44422859E-1
5.48878133E-1	1.44092366E-1
5.47603548E-1	1.43866986E-1
5.46819866E-1	1.43554106E-1
5.45977354E-1	1.43258765E-1
5.44870019E-1	1.43075302E-1
5.44232726E-1	1.42906100E-1
5.43247163E-1	1.42636061E-1
5.42098880E-1	1.42420635E-1
5.41326463E-1	1.42128542E-1
5.40314555E-1	1.41890451E-1
5.39557457E-1	1.41766652E-1
5.39152205E-1	1.41568840E-1
5.38287222E-1	1.41406938E-1
5.37649572E-1	1.41152442E-1
5.36561847E-1	1.40924126E-1
5.35704374E-1	1.40600115E-1
5.34512520E-1	1.40397921E-1
5.33342481E-1	1.40054747E-1
5.32440722E-1	1.39731348E-1
5.31339169E-1	1.39556020E-1
5.30402422E-1	1.39289618E-1
5.29737771E-1	1.39071882E-1
5.28926373E-1	1.38932645E-1
5.27631521E-1	1.38537690E-1
5.26383102E-1	1.38199672E-1
5.24465799E-1	1.37692556E-1
5.22650421E-1	1.37359098E-1
5.22143304E-1	1.36983767E-1
5.20952106E-1	1.36754379E-1
5.20162880E-1	1.36626124E-1
5.19691527E-1	1.36433557E-1
5.18908620E-1	1.36241049E-1
5.18032074E-1	1.36063978E-1
5.17264664E-1	1.35735974E-1
5.15969992E-1	1.35413572E-1
5.14667749E-1	1.35169744E-1
5.13742447E-1	1.34795994E-1
5.12293160E-1	1.34443626E-1
5.10913789E-1	1.34206563E-1
5.10477841E-1	1.33905217E-1
5.09239793E-1	1.33650318E-1
5.08239567E-1	1.33478805E-1
5.07598937E-1	1.33185640E-1
5.06272793E-1	1.32822365E-1
5.04769981E-1	1.32537052E-1
5.03662705E-1	1.32234573E-1
5.02039552E-1	1.31749287E-1
5.00982344E-1	1.31656170E-1
5.00458002E-1	1.31444871E-1
4.99833018E-1	1.31290883E-1
4.99424875E-1	1.31186202E-1
4.98725325E-1	1.30955175E-1
4.97316629E-1	1.30572900E-1
4.96284336E-1	1.30307883E-1
4.94707286E-1	1.29888743E-1
4.93706226E-1	1.29589617E-1
4.92674500E-1	1.29435867E-1
4.91659284E-1	1.29170552E-1
4.91015971E-1	1.28934026E-1
4.90104020E-1	1.28782049E-1
4.89607871E-1	1.28647417E-1
4.89356935E-1	1.28566280E-1
4.88965005E-1	1.28493309E-1
4.87974405E-1	1.28178075E-1
4.86989498E-1	1.27799809E-1
4.85469073E-1	1.27531499E-1
4.83866900E-1	1.27121568E-1
4.83137995E-1	1.26889125E-1
4.82346088E-1	1.26759365E-1
4.81680334E-1	1.26564085E-1
4.81202871E-1	1.26352787E-1
4.80194986E-1	1.26174867E-1
4.78907585E-1	1.25796869E-1
4.77861673E-1	1.25415638E-1
4.76537734E-1	1.25209302E-1
4.75552738E-1	1.24956228E-1
4.75062996E-1	1.24829412E-1
4.74498034E-1	1.24739267E-1
4.74099547E-1	1.24575078E-1
4.73665088E-1	1.24422930E-1
4.73025173E-1	1.24314465E-1
4.72496688E-1	1.24216370E-1
4.72422242E-1	1.24175057E-1
4.72279191E-1	1.24155819E-1
4.72222924E-1	1.24111407E-1
4.72011417E-1	1.23941846E-1
4.71104234E-1	1.23762108E-1
4.69280958E-1	1.23372450E-1
4.68687981E-1	1.22865699E-1
4.66673195E-1	1.22556888E-1
4.64504302E-1	1.22106001E-1
4.63922292E-1	1.21664956E-1
4.62246209E-1	1.21435575E-1
4.60460722E-1	1.21072166E-1
4.59985524E-1	1.20701782E-1
4.58496511E-1	1.20466627E-1
4.57105964E-1	1.20196603E-1
4.56079960E-1	1.19781680E-1
4.54620451E-1	1.19547680E-1
4.53624338E-1	1.19263433E-1
4.53035563E-1	1.19071566E-1
4.52426255E-1	1.18982457E-1
4.51864004E-1	1.18834294E-1
4.51549768E-1	1.18719079E-1
4.51019377E-1	1.18609339E-1
4.50370610E-1	1.18429013E-1
4.49981004E-1	1.18256718E-1
4.49363142E-1	1.18157662E-1
4.48967665E-1	1.18083872E-1
4.48744297E-1	1.17976733E-1
4.48281586E-1	1.17860027E-1
4.47710872E-1	1.17748313E-1
4.47238058E-1	1.17550939E-1
4.46343958E-1	1.17325187E-1
4.45369929E-1	1.17138356E-1
4.44641680E-1	1.16820157E-1
4.43254083E-1	1.16467267E-1
4.41854596E-1	1.16210401E-1
4.40857649E-1	1.15814641E-1
4.39261913E-1	1.15439117E-1
4.37819779E-1	1.15190573E-1
4.37351733E-1	1.14861414E-1
4.35675114E-1	1.14592403E-1
4.35039788E-1	1.14429407E-1
4.34417814E-1	1.14204578E-1
4.33324516E-1	1.14018254E-1
4.32868063E-1	1.13887586E-1
4.32387233E-1	1.13768481E-1
4.31782097E-1	1.13622233E-1
4.31195676E-1	1.13519229E-1
4.30756122E-1	1.13324799E-1
4.29969639E-1	1.13119692E-1
4.29175705E-1	1.12985507E-1
4.28708822E-1	1.12809494E-1
4.28266495E-1	1.12670511E-1
4.27674145E-1	1.12579077E-1
4.27139014E-1	1.12434052E-1
4.26719189E-1	1.12287313E-1
4.26210344E-1	1.12216420E-1
4.25860852E-1	1.12113252E-1
4.25613999E-1	1.11996733E-1
4.25171882E-1	1.11920975E-1
4.24713910E-1	1.11788936E-1
4.24404919E-1	1.11719549E-1
4.24004644E-1	1.11652270E-1
4.23604041E-1	1.11537449E-1
4.23269391E-1	1.11412384E-1
4.22707826E-1	1.11313380E-1
4.22152966E-1	1.11161575E-1
4.21791196E-1	1.11037776E-1
4.21231210E-1	1.10934772E-1
4.20665145E-1	1.10780112E-1
4.20262694E-1	1.10637002E-1
4.19667155E-1	1.10536896E-1
4.19305801E-1	1.10445328E-1
4.19091642E-1	1.10361218E-1
4.18575794E-1	1.10264197E-1
4.17848259E-1	1.10057361E-1
4.17160720E-1	1.09767705E-1
4.16036874E-1	1.09583110E-1
4.15106326E-1	1.09330021E-1
4.14520293E-1	1.09123603E-1
4.13744241E-1	1.09007537E-1
4.13223505E-1	1.08812027E-1
4.12729830E-1	1.08629279E-1
4.11926121E-1	1.08503684E-1
4.10846919E-1	1.08279988E-1
4.10582900E-1	1.08054571E-1
4.09650087E-1	1.07899189E-1
4.08883274E-1	1.07754461E-1
4.08425987E-1	1.07573733E-1
4.07734632E-1	1.07396118E-1
4.07065272E-1	1.07260361E-1
4.06493455E-1	1.07018299E-1
4.05435711E-1	1.06729567E-1
4.04166311E-1	1.06506184E-1
4.03355777E-1	1.06216505E-1
4.02369440E-1	1.05999716E-1
4.01634783E-1	1.05880141E-1
4.01240975E-1	1.05728172E-1
4.00531113E-1	1.05551705E-1
3.99999946E-1	1.05405837E-1
3.99421245E-1	1.05172381E-1
3.98421675E-1	1.04915589E-1
3.97470802E-1	1.04754023E-1
3.96833420E-1	1.04514092E-1
3.95856410E-1	1.04298539E-1
3.94994676E-1	1.04130864E-1
3.94220352E-1	1.03781939E-1
3.92720222E-1	1.03397571E-1
3.91235054E-1	1.03270717E-1
3.90320927E-1	1.02908179E-1
3.89475703E-1	1.02612130E-1
3.88182610E-1	1.02396801E-1
3.86804014E-1	1.02043264E-1
3.85953784E-1	1.01757593E-1
3.84958029E-1	1.01610743E-1
3.84200335E-1	1.01385891E-1
3.83545995E-1	1.01112403E-1
3.82233649E-1	1.00881100E-1
3.80972952E-1	1.00578666E-1
3.80391985E-1	1.00422420E-1
3.80002201E-1	1.00371562E-1
3.79947066E-1	1.00351535E-1
3.79919708E-1	1.00339577E-1
3.79881948E-1	1.00331612E-1
3.79843175E-1	1.00319922E-1
3.79841626E-1	1.00321025E-1
3.79841745E-1	1.00320347E-1
3.79840553E-1	1.00320630E-1
3.79840672E-1	1.00321621E-1
3.79830629E-1	1.00314662E-1
3.79664212E-1	1.00276969E-1
3.79436821E-1	1.00223221E-1
3.78792614E-1	9.97485518E-2
3.77808362E-1	9.96064097E-2
3.76852304E-1	9.94434878E-2
3.75165880E-1	9.90612134E-2
3.73656541E-1	9.86946672E-2
3.72898489E-1	9.85442474E-2
3.72031868E-1	9.83037055E-2
3.71208310E-1	9.80739295E-2
3.70826393E-1	9.78565812E-2
3.69319201E-1	9.74623337E-2
3.67846340E-1	9.71379131E-2
3.66941482E-1	9.69165638E-2
3.65417629E-1	9.65611562E-2
3.64166528E-1	9.62552428E-2
3.63339901E-1	9.60372612E-2
3.62156987E-1	9.57722217E-2
3.61332148E-1	9.55552906E-2
3.60723406E-1	9.53842103E-2
3.59517008E-1	9.50631574E-2
3.58172476E-1	9.46861282E-2
3.57060820E-1	9.43941250E-2
3.55337709E-1	9.39901993E-2
3.54031771E-1	9.36691090E-2
3.53224367E-1	9.34839621E-2
3.52186769E-1	9.32299122E-2
3.51064473E-1	9.29181725E-2
3.50146025E-1	9.26713794E-2
3.48390460E-1	9.22437683E-2
3.46822441E-1	9.18582976E-2
3.45768511E-1	9.15718451E-2
3.43806297E-1	9.10921395E-2
3.42017859E-1	9.06385556E-2
3.40861261E-1	9.03594121E-2
3.39537442E-1	9.00710002E-2
3.38867903E-1	8.98008198E-2
3.38016480E-1	8.95740017E-2
3.36488426E-1	8.91601443E-2
3.34604383E-1	8.86771753E-2
3.33390772E-1	8.84124935E-2
3.31971139E-1	8.81787613E-2
3.30787569E-1	8.78713429E-2
3.30145240E-1	8.77135769E-2
3.29152584E-1	8.74575078E-2
3.27971071E-1	8.71365964E-2
3.26940745E-1	8.68486315E-2
3.24931294E-1	8.63603130E-2
3.23234975E-1	8.59667808E-2
3.22298199E-1	8.57584700E-2
3.21471840E-1	8.56144875E-2
3.21310729E-1	8.55763257E-2
3.21215749E-1	8.55513215E-2
3.21162909E-1	8.55434239E-2
3.21156234E-1	8.55402574E-2
3.21155339E-1	8.55389237E-2
3.21153402E-1	8.55377689E-2
3.21106553E-1	8.55094269E-2
3.20848554E-1	8.54265243E-2
3.20519298E-1	8.53300244E-2
3.19652706E-1	8.50745812E-2
3.18480164E-1	8.47813487E-2
3.17658603E-1	8.45620707E-2
3.16213548E-1	8.41979161E-2
3.15043777E-1	8.39385688E-2
3.14430654E-1	8.38672593E-2
3.13347846E-1	8.35653022E-2
3.12368780E-1	8.32991600E-2
3.11428338E-1	8.30602050E-2
3.09901088E-1	8.26806799E-2
3.08700174E-1	8.23921561E-2
3.08046192E-1	8.22481886E-2
3.07571679E-1	8.21335390E-2
3.07326466E-1	8.20741281E-2
3.07271600E-1	8.20637643E-2
3.07260901E-1	8.20548460E-2
3.07260960E-1	8.20542872E-2
3.07261556E-1	8.20550695E-2
3.07261705E-1	8.20553079E-2
3.07261288E-1	8.20558146E-2
3.07261467E-1	8.20561945E-2
3.07261258E-1	8.20559263E-2
3.07174653E-1	8.20029378E-2
3.06844443E-1	8.19203183E-2
3.05963963E-1	8.16732347E-2
3.04710478E-1	8.14458430E-2
3.03650498E-1	8.10555518E-2
3.02622646E-1	8.07840154E-2
3.01235348E-1	8.04475993E-2
3.00446838E-1	8.01882893E-2
2.99399287E-1	8.00351873E-2
2.98523575E-1	7.97880813E-2
2.97770321E-1	7.94366971E-2
2.96143949E-1	7.91677162E-2
2.94508904E-1	7.87355229E-2
2.93278098E-1	7.82965347E-2
2.91536927E-1	7.80299380E-2
2.89838463E-1	7.75813013E-2
2.88580924E-1	7.71316960E-2
2.86739826E-1	7.68306479E-2
2.85015374E-1	7.64304698E-2
2.84118116E-1	7.61767030E-2
2.83194780E-1	7.61172101E-2
2.82544166E-1	7.59372711E-2
2.82174289E-1	7.58152008E-2
2.81684399E-1	7.57363215E-2
2.81219602E-1	7.55441785E-2
2.80358344E-1	7.53064305E-2
2.79501349E-1	7.50897378E-2
2.77739555E-1	7.46245459E-2
2.76495427E-1	7.41780549E-2
2.74441212E-1	7.38585815E-2
2.72262275E-1	7.33114257E-2
2.70892352E-1	7.28193223E-2
2.68796563E-1	7.25001469E-2
2.67216623E-1	7.21257627E-2
2.66488940E-1	7.18868747E-2
2.65456289E-1	7.17157722E-2
2.64364690E-1	7.13807568E-2
2.63370216E-1	7.09817410E-2
2.61691123E-1	7.07215071E-2
2.60334343E-1	7.05015436E-2
2.59619325E-1	7.02778697E-2
2.58956015E-1	7.01906309E-2
2.58608460E-1	7.00984746E-2
2.58438438E-1	7.00468421E-2
2.58351058E-1	7.00457394E-2
2.58354574E-1	7.00422972E-2
2.58354068E-1	7.00359717E-2
2.58354336E-1	7.00315833E-2
2.58352488E-1	7.00245500E-2
2.58350462E-1	7.00232685E-2
2.58340150E-1	7.00204819E-2
2.58163452E-1	6.99765161E-2
2.57920384E-1	6.98763654E-2
2.57597178E-1	6.97898492E-2
2.57037014E-1	6.96519017E-2
2.56564796E-1	6.95797205E-2
2.56301910E-1	6.94884360E-2
2.55899698E-1	6.94173127E-2
2.55350202E-1	6.92728087E-2
2.54838139E-1	6.90367371E-2
2.53391534E-1	6.87630028E-2
2.51137406E-1	6.81763813E-2
2.49424770E-1	6.75868616E-2
2.47106791E-1	6.72189817E-2
2.44860247E-1	6.66869134E-2
2.43595704E-1	6.62676692E-2
2.41766989E-1	6.59623370E-2
2.39792064E-1	6.54743388E-2
2.38423049E-1	6.49899095E-2
2.36156985E-1	6.46149516E-2
2.33868033E-1	6.40869960E-2
2.32574433E-1	6.36890605E-2
2.31087565E-1	6.34708628E-2
2.29977429E-1	6.32841438E-2
2.29641452E-1	6.28748462E-2
2.28141353E-1	6.26187995E-2
2.26649731E-1	6.22591265E-2
2.25697264E-1	6.20207787E-2
2.24097639E-1	6.17788658E-2
2.22629860E-1	6.13892935E-2
2.21586615E-1	6.09942265E-2
2.19872788E-1	6.07303046E-2
2.18269274E-1	6.03198931E-2
2.17316419E-1	5.99885099E-2
2.15855405E-1	5.97683303E-2
2.14462742E-1	5.94074912E-2
2.13506058E-1	5.90550900E-2
2.12010562E-1	5.88371791E-2
2.10631341E-1	5.84913343E-2
2.09699795E-1	5.82014285E-2
2.08446532E-1	5.80277629E-2
2.07137749E-1	5.77108227E-2
2.06341982E-1	5.74406646E-2
2.05141723E-1	5.72557226E-2
2.04114944E-1	5.70026524E-2
2.03553647E-1	5.68253174E-2
2.02955231E-1	5.67456558E-2
2.02713549E-1	5.66903763E-2
2.02672943E-1	5.66795059E-2
2.02554837E-1	5.66595495E-2
2.02461228E-1	5.66270910E-2
2.02320665E-1	5.65952398E-2
2.02226967E-1	5.65876961E-2
2.02226594E-1	5.65936081E-2
2.02258751E-1	5.65397851E-2
2.01743066E-1	5.64290248E-2
2.00637624E-1	5.61482906E-2
1.99769512E-1	5.58203086E-2
1.98244452E-1	5.56139313E-2
1.97112352E-1	5.53251579E-2
1.96336329E-1	5.51356748E-2
1.94996998E-1	5.49214780E-2
1.94186315E-1	5.46222441E-2
1.93127647E-1	5.43986149E-2
1.92543194E-1	5.42799719E-2
1.91854537E-1	5.41370288E-2
1.91184536E-1	5.39769419E-2
1.90720484E-1	5.38816601E-2
1.89883143E-1	5.36570586E-2
1.88622937E-1	5.33241928E-2
1.87581688E-1	5.30755110E-2
1.85712337E-1	5.25873899E-2
1.83472276E-1	5.20240776E-2
1.81719482E-1	5.16190454E-2
1.79213703E-1	5.10442704E-2
1.77108765E-1	5.05848601E-2
1.75912365E-1	5.03718182E-2
1.74567148E-1	5.00467978E-2
1.73028871E-1	4.97043580E-2
1.72097281E-1	4.95003872E-2
1.70695513E-1	4.91331592E-2
1.69073403E-1	4.87033427E-2
1.67612627E-1	4.83509079E-2
1.65371180E-1	4.78214994E-2
1.63535118E-1	4.73917574E-2
1.62380382E-1	4.71658818E-2
1.61036655E-1	4.68379706E-2
1.59548223E-1	4.64486964E-2
1.58359826E-1	4.61957082E-2
1.56699345E-1	4.59360182E-2
1.55227110E-1	4.54821065E-2
1.54305175E-1	4.52957042E-2
1.53039351E-1	4.50947620E-2
1.51760757E-1	4.47946377E-2
1.50871441E-1	4.44957688E-2
1.49486199E-1	4.41621952E-2
1.48231179E-1	4.39862385E-2
1.47458345E-1	4.37274911E-2
1.46274671E-1	4.35334221E-2
1.45002589E-1	4.32102233E-2
1.44152120E-1	4.29287516E-2
1.43092856E-1	4.27623466E-2
1.42300069E-1	4.25970070E-2
1.42063305E-1	4.25529592E-2
1.41918689E-1	4.25305516E-2
1.41813785E-1	4.25147265E-2
1.41810790E-1	4.25159149E-2
1.41817898E-1	4.25150171E-2
1.41814768E-1	4.25132886E-2
1.41813084E-1	4.25121821E-2
1.41808376E-1	4.25105691E-2
1.41747609E-1	4.24747393E-2
1.41466036E-1	4.23345752E-2
1.40482351E-1	4.21634875E-2
1.39229581E-1	4.18749340E-2
1.38302714E-1	4.15674970E-2
1.36767581E-1	4.13278714E-2
1.35170832E-1	4.08823527E-2
1.33691370E-1	4.03621756E-2
1.31483644E-1	4.00226153E-2
1.29476205E-1	3.95712815E-2
1.28271237E-1	3.92145962E-2
1.26624137E-1	3.89456749E-2
1.24922656E-1	3.85217182E-2
1.23648979E-1	3.80939655E-2
1.21705487E-1	3.77850980E-2
1.19786456E-1	3.73258181E-2
1.18389152E-1	3.68569307E-2
1.16462454E-1	3.65792103E-2
1.14879593E-1	3.61964330E-2
1.13653235E-1	3.57745402E-2
1.11772873E-1	3.54955867E-2
1.09909229E-1	3.50499377E-2
1.08605936E-1	3.46653908E-2
1.07219391E-1	3.44661437E-2
1.06039070E-1	3.41860615E-2
1.05264857E-1	3.39141041E-2
1.03979096E-1	3.37074175E-2
1.02627926E-1	3.33858617E-2
9.90626812E-2	3.30440588E-2
9.90325809E-2	3.28507274E-2
9.87141132E-2	3.25985514E-2
9.83921438E-2	3.24198492E-2
9.77220088E-2	3.23122218E-2
9.71098468E-2	3.21934447E-2
9.68746394E-2	3.21293958E-2
9.66786370E-2	3.21082696E-2
9.66763347E-2	3.21054868E-2
9.66765806E-2	3.21030505E-2
9.66754332E-2	3.21009941E-2
9.66755003E-2	3.20983939E-2
9.66220722E-2	3.20484340E-2
9.61412191E-2	3.20075676E-2
9.54729617E-2	3.17888111E-2
9.51907784E-2	3.16634513E-2
9.43386778E-2	3.15415300E-2
9.38296989E-2	3.14173140E-2
9.32725295E-2	3.11602484E-2
9.18195844E-2	3.09313592E-2
8.99588466E-2	3.04674413E-2
8.83848146E-2	2.99306959E-2
8.60547647E-2	2.96288077E-2
8.41503069E-2	2.91682426E-2
8.28857571E-2	2.87556667E-2
8.10979158E-2	2.85145342E-2
7.92908445E-2	2.80766133E-2
7.80314133E-2	2.76271272E-2
7.58159682E-2	2.72988919E-2
7.35952854E-2	2.67535839E-2
7.19475374E-2	2.61565708E-2
6.91268444E-2	2.57500894E-2
6.64811730E-2	2.51079705E-2
6.46597520E-2	2.45531891E-2
6.25493377E-2	2.42725238E-2
6.11625649E-2	2.39542332E-2
6.04636669E-2	2.36891210E-2
5.90355061E-2	2.34670267E-2
5.74138947E-2	2.30442509E-2
5.61427549E-2	2.25892793E-2
5.42826094E-2	2.23381519E-2
5.27305342E-2	2.18127407E-2
5.15149869E-2	2.15278957E-2
4.95966338E-2	2.12553833E-2
4.78918403E-2	2.08740477E-2
4.73829247E-2	2.06291899E-2
4.63847853E-2	2.05438323E-2
4.60198224E-2	2.04711147E-2
4.59137522E-2	2.04486605E-2
4.58545201E-2	2.04511620E-2
4.58857417E-2	2.04512160E-2
4.58855815E-2	2.04480812E-2
4.58849967E-2	2.04472598E-2
4.58847061E-2	2.04450078E-2
4.58837226E-2	2.04411242E-2
4.58825156E-2	2.04382166E-2
4.57974486E-2	2.04085056E-2
4.54968102E-2	2.02821009E-2
4.46445830E-2	2.00540666E-2
4.23367582E-2	1.95100084E-2
3.96004692E-2	1.88468806E-2
3.75128686E-2	1.84077136E-2
3.52233201E-2	1.79034173E-2
3.34405452E-2	1.74795892E-2
3.20614502E-2	1.71762910E-2
3.06301285E-2	1.66686680E-2
2.85241436E-2	1.61561612E-2
2.70703547E-2	1.58261433E-2
2.50125472E-2	1.53895095E-2
2.34101024E-2	1.49889346E-2
2.22583506E-2	1.47166178E-2
2.06060521E-2	1.43435588E-2
1.91768818E-2	1.39918923E-2
1.81723814E-2	1.37607474E-2
1.64348930E-2	1.33368494E-2
1.46025065E-2	1.29010947E-2
1.34491287E-2	1.26290424E-2
1.15969963E-2	1.21891303E-2
1.05652660E-2	1.18208108E-2
9.45957936E-3	1.15288161E-2
7.26749282E-3	1.09742694E-2
5.16567007E-3	1.04676532E-2
3.92994098E-3	1.01782558E-2
2.26997281E-3	9.80147813E-3
1.30152295E-3	9.57151689E-3
8.12320097E-4	9.44677275E-3
2.37630564E-4	9.30470228E-3
4.60992378E-5	9.24420636E-3
7.38878543E-6	9.22850613E-3
7.01851513E-6	9.21284966E-3
6.92128424E-6	9.20122769E-3
6.89075796E-6	9.19379480E-3
6.85231771E-6	9.18409228E-3
6.74378089E-6	9.17475577E-3
6.48713603E-6	9.16869473E-3
6.44813053E-6	9.16200690E-3
6.25592929E-6	9.15756077E-3
6.08125220E-6	9.15526040E-3
5.85061071E-6	9.15201660E-3
5.54761118E-6	9.14769247E-3
5.48768958E-6	9.14368778E-3
5.38480526E-6	9.13851243E-3
5.45264129E-6	9.13433637E-3
5.44133536E-6	9.13235359E-3
5.33449384E-6	9.13090259E-3
5.21521633E-6	9.12928581E-3
5.15585998E-6	9.12740920E-3
5.09480788E-6	9.12365969E-3
4.87094985E-6	9.11885500E-3
4.80198378E-6	9.11582261E-3
4.81837742E-6	9.11189429E-3
4.84607699E-6	9.10906587E-3
4.85399096E-6	9.10770614E-3
4.78841639E-6	9.10505652E-3
4.67535710E-6	9.10213403E-3
4.56399312E-6	9.10089631E-3
4.54477322E-6	9.09904949E-3
4.63974311E-6	9.09789186E-3
4.74997614E-6	9.09663923E-3
4.78841639E-6	9.09509044E-3
4.68157532E-6	9.09261219E-3
4.54081601E-6	9.09055304E-3
4.39044697E-6	9.08757094E-3
4.22594530E-6	9.08321980E-3
4.35087622E-6	9.08152666E-3
4.24290420E-6	9.07904748E-3
4.54477367E-6	9.07821488E-3
4.41758175E-6	9.07749310E-3
4.33617925E-6	9.07640904E-3
4.38196867E-6	9.07624513E-3
4.19768185E-6	9.07661859E-3
4.19428989E-6	9.07720160E-3
4.05805304E-6	9.07833409E-3
4.01565558E-6	9.07875504E-3
4.04900811E-6	9.07926075E-3
4.08123014E-6	9.07922164E-3
4.08405685E-6	9.07778740E-3
4.01848229E-6	9.07513034E-3
3.87150476E-6	9.07217059E-3
3.81497512E-6	9.07147210E-3
3.61542493E-6	9.07125045E-3
3.72170098E-6	9.07059386E-3
3.72057025E-6	9.07036662E-3
3.69569716E-6	9.06940643E-3
3.84437044E-6	9.06911306E-3
3.80366919E-6	9.06822924E-3
3.95799543E-6	9.06525645E-3
4.00378440E-6	9.06305201E-3
3.91051026E-6	9.06120241E-3
3.76862067E-6	9.06023849E-3
3.63464505E-6	9.06053558E-3
3.67647704E-6	9.06071533E-3
3.59224782E-6	9.06078052E-3
3.54815461E-6	9.05991811E-3
3.50180017E-6	9.05915257E-3
3.46335992E-6	9.05912742E-3
3.44470504E-6	9.06015188E-3
3.41191776E-6	9.06001683E-3
3.44583555E-6	9.06083547E-3
3.52667257E-6	9.06050205E-3
3.64990547E-6	9.05967038E-3
3.73300236E-6	9.05903988E-3
3.68947326E-6	9.05678887E-3
3.46731076E-6	9.05552227E-3
3.42152157E-6	9.05336719E-3
3.32881291E-6	9.05206800E-3
3.30507032E-6	9.05093364E-3
3.23384302E-6	9.04967543E-3
3.41756459E-6	9.04886890E-3
3.36103494E-6	9.04688425E-3
3.41360760E-6	9.04515479E-3
3.45317835E-6	9.04442742E-3
3.46731076E-6	9.04426258E-3
3.39551798E-6	9.04448889E-3
3.51479571E-6	9.04404558E-3
3.46335355E-6	9.04344209E-3
3.54532176E-6	9.04115103E-3
3.49161860E-6	9.04310495E-3
3.62220226E-6	9.04606003E-3
3.51649169E-6	9.04565863E-3
3.39551798E-6	9.04477015E-3
3.46109255E-6	9.04260669E-3
3.20727395E-6	9.04097781E-3
3.26267309E-6	9.04231984E-3
3.33163939E-6	9.04465839E-3
3.34746778E-6	9.04599391E-3
3.23327754E-6	9.04790312E-3
3.13152418E-6	9.04855411E-3
3.38986501E-6	9.04992875E-3
3.26549957E-6	9.05073527E-3
3.31807223E-6	9.05022677E-3
3.28867668E-6	9.04962793E-3
3.14452586E-6	9.04912036E-3
3.09534516E-6	9.04952269E-3
3.13887131E-6	9.04981233E-3
3.12869452E-6	9.04312171E-3
3.08120843E-6	9.04347468E-3
3.05068124E-6	9.04382113E-3
3.19822379E-6	9.04447958E-3
3.14734712E-6	9.05189943E-3
3.21179095E-6	9.05210990E-3
3.18974435E-6	9.05205496E-3
3.11908229E-6	9.05199815E-3
3.07442383E-6	9.05260723E-3
3.10664586E-6	9.05308034E-3
2.96249505E-6	9.05331504E-3
2.93027301E-6	9.05319583E-3
3.03767956E-6	9.05310642E-3
2.90200819E-6	9.05265845E-3
2.94384017E-6	9.05296579E-3
2.98567215E-6	9.05314460E-3
3.04276728E-6	9.05359350E-3
3.13491068E-6	9.05423053E-3
2.87148214E-6	9.05390829E-3
2.95797258E-6	9.05284844E-3
2.84039083E-6	9.05210152E-3
2.90709590E-6	9.05158091E-3
3.02128592E-6	9.05071385E-3
2.97549673E-6	9.04951524E-3
3.02750414E-6	9.04900394E-3
2.94327492E-6	9.04792640E-3
3.00150054E-6	9.04619042E-3
2.86356794E-6	9.04514268E-3
2.77425102E-6	9.04250704E-3
2.73920273E-6	9.03966837E-3
2.50064727E-6	9.03898384E-3
2.49329833E-6	9.03791282E-3
2.59279068E-6	9.03688557E-3
2.57413603E-6	9.03651770E-3
2.51025745E-6	9.03710444E-3
2.51986762E-6	9.03594866E-3
2.54474071E-6	9.03607905E-3
2.62557819E-6	9.03743878E-3
2.75898833E-6	9.03919432E-3
2.81890971E-6	9.04061925E-3
2.92122854E-6	9.04049631E-3
2.90257367E-6	9.03755613E-3
2.76011883E-6	9.03520640E-3
2.71263389E-6	9.03270580E-3
2.56283010E-6	9.03321989E-3
2.56396083E-6	9.03315935E-3
2.51760639E-6	9.03361198E-3
2.51421466E-6	9.03307274E-3
2.69624024E-6	9.03395936E-3
2.67815085E-6	9.03419033E-3
2.75559660E-6	9.03375912E-3
2.75559660E-6	9.03367531E-3
2.62953517E-6	9.03238636E-3
2.50290873E-6	9.03268252E-3
2.53286953E-6	9.03201196E-3
2.39606766E-6	9.03112814E-3
2.47238268E-6	9.03057493E-3
2.36893334E-6	9.03060474E-3
2.44468310E-6	9.03054979E-3
2.51138817E-6	9.03094281E-3
2.49103755E-6	9.03047714E-3
2.68097733E-6	9.02963523E-3
2.62670869E-6	9.02910344E-3
2.58600744E-6	9.02971532E-3
2.56339558E-6	9.03022103E-3
2.63066590E-6	9.02986713E-3
2.59787817E-6	9.03027039E-3
2.63179459E-6	9.02832206E-3
2.59109152E-6	9.02728643E-3
2.42545866E-6	9.02714580E-3
2.51929737E-6	9.02815070E-3
2.50064272E-6	9.02377069E-3
2.43506815E-6	9.02346335E-3
2.49612026E-6	9.02180094E-3
2.46842069E-6	9.02024191E-3
2.67758060E-6	9.02522821E-3
2.78102971E-6	9.02527198E-3
2.74937315E-6	9.02602449E-3
2.91161336E-6	9.02620982E-3
2.75785260E-6	9.02706385E-3
2.53512576E-6	9.02801752E-3
2.57808824E-6	9.02763661E-3
2.42998044E-6	9.02826805E-3
2.41923976E-6	9.02817491E-3
2.59787362E-6	9.02844220E-3
2.60804904E-6	9.02820472E-3
2.64140158E-6	9.02741868E-3
2.70414944E-6	9.02744755E-3
2.48990204E-6	9.02768970E-3
2.57921897E-6	9.02712438E-3
2.61652849E-6	9.02653672E-3
2.57639249E-6	9.02449526E-3
2.41076032E-6	9.02412180E-3
2.42432748E-6	9.02403984E-3
2.43450290E-6	9.02341399E-3
2.49781601E-6	9.02279746E-3
2.58374121E-6	9.02233738E-3
2.70132296E-6	9.02176276E-3
2.57865349E-6	9.02223680E-3
2.53512576E-6	9.02254507E-3
2.64649088E-6	9.02228430E-3
2.46503237E-6	9.02090594E-3
2.56113390E-6	9.02027357E-3
-1.63518591E-4	8.97607207E-3
-6.79892546E-4	8.84468574E-3
-1.21724652E-3	8.71696044E-3
-2.49323645E-3	8.41163844E-3
-3.81956273E-3	8.11249763E-3
-4.71611274E-3	7.90500641E-3
-6.26446959E-3	7.54736783E-3
-7.18345586E-3	7.21335085E-3
-8.66847206E-3	6.96755666E-3
-9.64015536E-3	6.62824837E-3
-1.08852563E-2	6.33101398E-3
-1.19877700E-2	6.15855260E-3
-1.26738651E-2	5.89586981E-3
-1.37446541E-2	5.62055875E-3
-1.47522530E-2	5.44386171E-3
-1.55819189E-2	5.10165608E-3
-1.69173125E-2	4.74241655E-3
-1.83677357E-2	4.48520342E-3
-1.93851553E-2	4.08563437E-3
-2.07163393E-2	3.74156842E-3
-2.19205525E-2	3.53178731E-3
-2.25756709E-2	3.25841294E-3
-2.34472584E-2	3.02705448E-3
-2.41486486E-2	2.89925537E-3
-2.46049017E-2	2.68706842E-3
-2.54403166E-2	2.44682771E-3
-2.63848118E-2	2.25935760E-3
-2.71243416E-2	1.93355046E-3
-2.83237565E-2	1.60147459E-3
-2.94316802E-2	1.39308360E-3
-3.01979110E-2	1.05677021E-3
-3.13566476E-2	7.49456231E-4
-3.24534476E-2	5.44960378E-4
-3.32292914E-2	2.11738297E-4
-3.42932753E-2	-7.60819021E-5
-3.52468379E-2	-2.60670466E-4
-3.58789898E-2	-5.30341698E-4
-3.64652574E-2	-8.32622405E-4
-3.72785479E-2	-9.04609449E-4
-3.78407724E-2	-1.16104726E-3
-3.88321429E-2	-1.44518842E-3
-3.99171002E-2	-1.65145216E-3
-4.06677425E-2	-1.99183286E-3
-4.17227745E-2	-2.26738933E-3
-4.26301137E-2	-2.43685744E-3
-4.32230830E-2	-2.70422245E-3
-4.41141203E-2	-2.96500581E-3
-4.50327769E-2	-3.14538809E-3
-4.56848070E-2	-3.46045149E-3
-4.67905514E-2	-3.76131735E-3
-4.78156246E-2	-3.95671139E-3
-4.84651923E-2	-4.23706323E-3
-4.93348017E-2	-4.47092764E-3
-5.01365773E-2	-4.62908996E-3
-5.06890118E-2	-4.89021791E-3
-5.17060682E-2	-5.15483553E-3
-5.26559167E-2	-5.31614712E-3
-5.32391407E-2	-5.55305928E-3
-5.41295446E-2	-5.76106645E-3
-5.49300015E-2	-5.89006487E-3
-5.53897843E-2	-6.07743720E-3
-5.59323020E-2	-6.25672983E-3
-5.68371750E-2	-6.38848217E-3
-5.74463196E-2	-6.58264710E-3
-5.82874231E-2	-6.74788700E-3
-5.89751750E-2	-6.84357993E-3
-5.93540855E-2	-6.97159348E-3
-6.00378886E-2	-7.13003101E-3
-6.13419190E-2	-7.28259888E-3
-6.22887239E-2	-7.53179891E-3
-6.39771521E-2	-7.80832395E-3
-6.55772984E-2	-7.96919130E-3
-6.63499236E-2	-8.18475615E-3
-6.78532645E-2	-8.38630740E-3
-6.91134185E-2	-8.49871989E-3
-7.01211542E-2	-8.70775897E-3
-7.18507022E-2	-8.87218118E-3
-7.31857345E-2	-8.97384156E-3
-7.42294490E-2	-9.15690511E-3
-7.58025348E-2	-9.31091141E-3
-7.74038732E-2	-9.42311715E-3
-7.86321312E-2	-9.60433483E-3
-8.03808570E-2	-9.74767283E-3
-8.15063566E-2	-9.84606892E-3
-8.32898691E-2	-9.99720395E-3
-8.43947381E-2	-1.01199523E-2
-8.58970582E-2	-1.01956492E-2
-8.69106874E-2	-1.02741281E-2
-8.73379409E-2	-1.03142476E-2
-8.79060552E-2	-1.03444504E-2
-8.91297683E-2	-1.04314303E-2
-8.99978578E-2	-1.05232745E-2
-9.15648341E-2	-1.05939498E-2
-9.29780304E-2	-1.06773786E-2
-9.37054679E-2	-1.07307620E-2
-9.52013433E-2	-1.07824737E-2
-9.64728966E-2	-1.08403414E-2
-9.71411020E-2	-1.08845085E-2
-9.80914384E-2	-1.09117134E-2
-9.91831347E-2	-1.09415762E-2
-9.99360234E-2	-1.09434044E-2
-1.01032890E-1	-1.09370081E-2
-1.02170505E-1	-1.09145045E-2
-1.03063568E-1	-1.08664241E-2
-1.04802705E-1	-1.08297272E-2
-1.06940635E-1	-1.07106036E-2
-1.08300552E-1	-1.04133803E-2
-1.10333458E-1	-1.01030320E-2
-1.12275682E-1	-9.38653294E-3
-1.13481782E-1	-8.62097275E-3
-1.14589781E-1	-8.14352278E-3
-1.16035163E-1	-7.44349789E-3
-1.16886459E-1	-6.87100738E-3
-1.17379777E-1	-6.45301351E-3
-1.21536858E-1	-5.70443785E-3
-1.21804267E-1	-5.02939057E-3
-1.22048020E-1	-4.60563926E-3
-1.22605108E-1	-3.98115115E-3
-1.23325571E-1	-3.45788850E-3
-1.23672165E-1	-3.04613239E-3
-1.25416607E-1	-1.96563173E-3
-1.26398936E-1	-1.38887484E-3
-1.27418578E-1	-7.82835996E-4
-1.29003748E-1	1.32793590E-4
-1.29786476E-1	9.29555274E-4
-1.31294742E-1	1.48554670E-3
-1.32531762E-1	2.27247085E-3
-1.34619787E-1	3.03929788E-3
-1.36933312E-1	3.56471259E-3
-1.38426349E-1	4.28703008E-3
-1.41052827E-1	4.90936311E-3
-1.41603142E-1	5.23383869E-3
-1.42994225E-1	5.59849478E-3
-1.44248679E-1	5.94770070E-3
-1.45188645E-1	6.18628133E-3
-1.47080392E-1	6.56194333E-3
-1.47962168E-1	6.90528750E-3
-1.48970127E-1	7.07446737E-3
-1.50114924E-1	7.35118799E-3
-1.50893003E-1	7.61735905E-3
-1.52072817E-1	7.79609522E-3
-1.53025895E-1	8.11571348E-3
-1.54392019E-1	8.45010858E-3
-1.55431762E-1	8.71261675E-3
-1.57249928E-1	9.15268902E-3
-1.59151629E-1	9.60529130E-3
-1.61026940E-1	9.88782849E-3
-1.63294747E-1	1.03666978E-2
-1.64930448E-1	1.09001053E-2
-1.67206407E-1	1.12200314E-2
-1.68847337E-1	1.17383199E-2
-1.71809882E-1	1.22004831E-2
-1.73306882E-1	1.25092212E-2
-1.75086588E-1	1.30544417E-2
-1.77583471E-1	1.35672735E-2
-1.79191560E-1	1.38980951E-2
-1.82272300E-1	1.43743129E-2
-1.83603674E-1	1.47774322E-2
-1.85323283E-1	1.50152929E-2
-1.86754525E-1	1.53216403E-2
-1.87957078E-1	1.55889420E-2
-1.88924015E-1	1.57998465E-2
-1.90793335E-1	1.61936842E-2
-1.92871481E-1	1.66282952E-2
-1.94186240E-1	1.68991517E-2
-1.95839107E-1	1.72457099E-2
-1.97417066E-1	1.75840743E-2
-1.98569819E-1	1.78347304E-2
-2.00048015E-1	1.82955060E-2
-2.02219188E-1	1.87427271E-2
-2.03942373E-1	1.89579874E-2
-2.04780146E-1	1.91839226E-2
-2.05268577E-1	1.92587506E-2
-2.05377102E-1	1.92740243E-2
-2.05374658E-1	1.92807838E-2
-2.05378428E-1	1.92889534E-2
-2.05381349E-1	1.92965772E-2
-2.05376476E-1	1.93062816E-2
-2.05377534E-1	1.93144474E-2
-2.05374137E-1	1.93177070E-2
-2.05711275E-1	1.93857513E-2
-2.06593826E-1	1.95796918E-2
-2.07694903E-1	1.98104773E-2
-2.09257498E-1	2.02930551E-2
-2.11716399E-1	2.08200701E-2
-2.14170620E-1	2.11641919E-2
-2.15677932E-1	2.16470137E-2
-2.18253970E-1	2.20736042E-2
-2.19381869E-1	2.24390756E-2
-2.20520794E-1	2.26791240E-2
-2.21720859E-1	2.30442695E-2
-2.22492635E-1	2.32686065E-2
-2.24543676E-1	2.35179029E-2
-2.25693375E-1	2.39104237E-2
-2.27581322E-1	2.41907369E-2
-2.28770956E-1	2.45662872E-2
-2.30283469E-1	2.48781387E-2
-2.31114030E-1	2.50481833E-2
-2.32647732E-1	2.53007710E-2
-2.33250439E-1	2.55955458E-2
-2.33894974E-1	2.56830994E-2
-2.35684946E-1	2.60008890E-2
-2.36677334E-1	2.64923181E-2
-2.37863407E-1	2.66518351E-2
-2.41104648E-1	2.74035390E-2
-2.43527591E-1	2.80081537E-2
-2.45248362E-1	2.82134283E-2
-2.47004941E-1	2.90643182E-2
-2.49427989E-1	2.97213588E-2
-2.51305848E-1	2.99527179E-2
-2.55610615E-1	3.09863184E-2
-2.58663148E-1	3.16808447E-2
-2.60532826E-1	3.21398228E-2
-2.62582868E-1	3.26305367E-2
-2.65030056E-1	3.32461074E-2
-2.66531676E-1	3.36797275E-2
-2.70201921E-1	3.44168954E-2
-2.72369057E-1	3.52851711E-2
-2.75008589E-1	3.63068059E-2
-2.80448914E-1	3.70659232E-2
-2.83261836E-1	3.86771187E-2
-2.85951197E-1	3.90744172E-2
-2.90953368E-1	4.02779281E-2
-2.94356942E-1	4.16301750E-2
-2.95974761E-1	4.20992635E-2
-2.97743589E-1	4.24550101E-2
-2.98436463E-1	4.28455956E-2
-2.98817098E-1	4.29683588E-2
-2.99110264E-1	4.30655517E-2
-2.99110711E-1	4.31088284E-2
-2.99110979E-1	4.31409441E-2
-2.99108505E-1	4.31722328E-2
-2.99187183E-1	4.32448126E-2
-2.99796969E-1	4.34428789E-2
-3.00679028E-1	4.39271554E-2
-3.02624911E-1	4.46605794E-2
-3.05094004E-1	4.52027060E-2
-3.07074308E-1	4.62446697E-2
-3.10999572E-1	4.74634916E-2
-3.13280851E-1	4.81805950E-2
-3.17775071E-1	4.93569039E-2
-3.20002228E-1	5.01599945E-2
-3.21652681E-1	5.10592125E-2
-3.24892581E-1	5.18010035E-2
-3.27967227E-1	5.31271063E-2
-3.29963446E-1	5.34577295E-2
-3.32027704E-1	5.49037866E-2
-3.34995836E-1	5.60168773E-2
-3.38387221E-1	5.64568378E-2
-3.40970516E-1	5.84732331E-2
-3.44877481E-1	6.01141378E-2
-3.48810703E-1	6.12674542E-2
-3.51825356E-1	6.33486360E-2
-3.56893241E-1	6.48072585E-2
-3.62068146E-1	6.62719905E-2
-3.65880698E-1	6.86170310E-2
-3.70433897E-1	7.04687089E-2
-3.73448074E-1	7.13935941E-2
-3.74827832E-1	7.24366978E-2
-3.75771970E-1	7.29128271E-2
-3.75843972E-1	7.30490908E-2
-3.75861019E-1	7.31518269E-2
-3.75864238E-1	7.32278153E-2
-3.75865251E-1	7.32835159E-2
-3.75853062E-1	7.33544901E-2
-3.75850946E-1	7.34351575E-2
-3.75834733E-1	7.34521821E-2
-3.76358539E-1	7.36066476E-2
-3.77009362E-1	7.39348158E-2
-3.78792882E-1	7.42890686E-2
-3.80474865E-1	7.50116482E-2
-3.83358270E-1	7.56756291E-2
-3.84486765E-1	7.60886595E-2
-3.85192037E-1	7.65894353E-2
-3.86298716E-1	7.70512745E-2
-3.86991292E-1	7.73836449E-2
-3.88700575E-1	7.79826716E-2
-3.90997201E-1	7.87932128E-2
-3.92571092E-1	7.93370977E-2
-3.94401759E-1	8.02833661E-2
-3.97759706E-1	8.11763704E-2
-3.99483651E-1	8.17522705E-2
-4.01378393E-1	8.27161372E-2
-4.04396564E-1	8.36949646E-2
-4.07711804E-1	8.44127610E-2
-4.10451412E-1	8.56733620E-2
-4.16015178E-1	8.69320929E-2
-4.17434305E-1	8.77842382E-2
-4.23098385E-1	8.90432373E-2
-4.26924944E-1	9.02803764E-2
-4.29440290E-1	9.10910368E-2
-4.33203071E-1	9.23156515E-2
-4.35449123E-1	9.34261233E-2
-4.37698901E-1	9.40864906E-2
-4.42098945E-1	9.51127037E-2
-4.44368035E-1	9.61983427E-2
-4.47689831E-1	9.68754813E-2
-4.50865686E-1	9.79623795E-2
-4.53763992E-1	9.90129635E-2
-4.55987930E-1	9.97874588E-2
-4.59960133E-1	1.01053521E-1
-4.62151051E-1	1.02015004E-1
-4.64718163E-1	1.02447592E-1
-4.65564549E-1	1.02700427E-1
-4.65591699E-1	1.02724031E-1
-4.65594530E-1	1.02733739E-1
-4.65592831E-1	1.02753520E-1
-4.65617716E-1	1.02813885E-1
-4.66016442E-1	1.02972604E-1
-4.67641145E-1	1.03465751E-1
-4.69968110E-1	1.04181357E-1
-4.71879303E-1	1.04769714E-1
-4.73796993E-1	1.05614476E-1
-4.76895332E-1	1.06357507E-1
-4.78442132E-1	1.06850721E-1
-4.81519610E-1	1.07810274E-1
-4.85443741E-1	1.09393395E-1
-4.87997293E-1	1.09788068E-1
-4.91018713E-1	1.11133695E-1
-4.96359080E-1	1.12333298E-1
-4.99070495E-1	1.13179699E-1
-5.02340078E-1	1.14673682E-1
-5.06789446E-1	1.16509303E-1
-5.11215210E-1	1.17418937E-1
-5.14265299E-1	1.20677166E-1
-5.19367576E-1	1.20876968E-1
-5.21891892E-1	1.21145338E-1
-5.25320888E-1	1.21508650E-1
-5.27343094E-1	1.22273333E-1
-5.30325472E-1	1.23084873E-1
-5.32350540E-1	1.23629175E-1
-5.35796106E-1	1.24682613E-1
-5.39098024E-1	1.25618353E-1
-5.41263878E-1	1.26236767E-1
-5.43793201E-1	1.27008736E-1
-5.45083165E-1	1.27665177E-1
-5.47583580E-1	1.28165647E-1
-5.50303936E-1	1.29051238E-1
-5.53260326E-1	1.29916817E-1
-5.55584371E-1	1.30397782E-1
-5.56542814E-1	1.30863249E-1
-5.57068586E-1	1.30996510E-1
-5.57287991E-1	1.31011069E-1
-5.57219267E-1	1.31003842E-1
-5.57163000E-1	1.31001458E-1
-5.57110429E-1	1.31000221E-1
-5.57044446E-1	1.31001577E-1
-5.57257831E-1	1.31100163E-1
-5.57862461E-1	1.31275430E-1
-5.59722066E-1	1.31880626E-1
-5.61407387E-1	1.32668063E-1
-5.64521372E-1	1.33270204E-1
-5.68332314E-1	1.34170100E-1
-5.70370376E-1	1.35105327E-1
-5.73946357E-1	1.35771558E-1
-5.76292515E-1	1.36909872E-1
-5.79132199E-1	1.38278112E-1
-5.84216297E-1	1.39234975E-1
-5.89185178E-1	1.40806437E-1
-5.94755769E-1	1.42437413E-1
-5.99867761E-1	1.43383324E-1
-6.03104830E-1	1.44919947E-1
-6.08106673E-1	1.46458939E-1
-6.13081336E-1	1.47399038E-1
-6.15929663E-1	1.49107039E-1
-6.19759202E-1	1.50056899E-1
-6.22034311E-1	1.50303319E-1
-6.24870718E-1	1.51225373E-1
-6.27054095E-1	1.52135849E-1
-6.29987538E-1	1.52690470E-1
-6.32025898E-1	1.53348625E-1
-6.33012950E-1	1.53654590E-1
-6.33698761E-1	1.53766379E-1
-6.33915365E-1	1.53873160E-1
-6.34163737E-1	1.53891712E-1
-6.34155810E-1	1.53892249E-1
-6.34156466E-1	1.53906316E-1
-6.34158731E-1	1.53927207E-1
-6.34165883E-1	1.53965369E-1
-6.34769201E-1	1.54197007E-1
-6.36044741E-1	1.54628277E-1
-6.37772083E-1	1.55174166E-1
-6.40248716E-1	1.55763716E-1
-6.42044604E-1	1.56596780E-1
-6.45310402E-1	1.57233581E-1
-6.48651719E-1	1.58269644E-1
-6.50525212E-1	1.59117565E-1
-6.52527392E-1	1.59994736E-1
-6.55603826E-1	1.60882294E-1
-6.58457458E-1	1.61470011E-1
-6.60443962E-1	1.62255421E-1
-6.63093328E-1	1.62853271E-1
-6.65946841E-1	1.63794741E-1
-6.69218779E-1	1.64442733E-1
-6.72688842E-1	1.65916473E-1
-6.74867094E-1	1.66564211E-1
-6.77012086E-1	1.67191073E-1
-6.81471050E-1	1.68243527E-1
-6.83626890E-1	1.69228643E-1
-6.87242091E-1	1.70285523E-1
-6.90700233E-1	1.71059459E-1
-6.92939222E-1	1.72071278E-1
-6.96318507E-1	1.72710314E-1
-6.98226750E-1	1.73660070E-1
-7.01072752E-1	1.74545854E-1
-7.03888893E-1	1.75108850E-1
-7.05779195E-1	1.75759166E-1
-7.06738651E-1	1.76137432E-1
-7.07439065E-1	1.76236287E-1
-7.07534015E-1	1.76295400E-1
-7.07656801E-1	1.76352516E-1
-7.07711995E-1	1.76362038E-1
-7.07724929E-1	1.76388115E-1
-7.07660139E-1	1.76332682E-1
-7.06971049E-1	1.76128596E-1
-7.05920458E-1	1.75800592E-1
-7.04991400E-1	1.75513476E-1
-7.03419328E-1	1.75134420E-1
-7.02423930E-1	1.74875870E-1
-7.01903999E-1	1.74720407E-1
-7.01268852E-1	1.74679697E-1
-7.00642884E-1	1.74508557E-1
-7.00226903E-1	1.74350381E-1
-6.99501097E-1	1.74131781E-1
-6.99040055E-1	1.73952281E-1
-6.98398113E-1	1.73790216E-1
-6.97642446E-1	1.73670799E-1
-6.97294056E-1	1.73533157E-1
-6.96771562E-1	1.73409015E-1
-6.96197808E-1	1.73290640E-1
-6.95558369E-1	1.73168525E-1
-6.95147693E-1	1.73019096E-1
-6.94731712E-1	1.72946811E-1
-6.94295526E-1	1.72810227E-1
-6.93935275E-1	1.72612950E-1
-6.93260968E-1	1.72476470E-1
-6.92393959E-1	1.72311053E-1
-6.91827476E-1	1.72009721E-1
-6.90975487E-1	1.71871990E-1
-6.90417528E-1	1.71762899E-1
-6.90129399E-1	1.71621516E-1
-6.89785957E-1	1.71561375E-1
-6.89520299E-1	1.71474054E-1
-6.88904226E-1	1.71227187E-1
-6.88154757E-1	1.71110615E-1
-6.87710643E-1	1.70926884E-1
-6.87073052E-1	1.70743242E-1
-6.86277747E-1	1.70589805E-1
-6.85545504E-1	1.70391724E-1
-6.85099900E-1	1.70272291E-1
-6.84561551E-1	1.70187876E-1
-6.84459805E-1	1.70148149E-1
-6.84391677E-1	1.70117959E-1
-6.84282720E-1	1.70105919E-1
-6.84138715E-1	1.70065492E-1
-6.84046984E-1	1.70030057E-1
-6.83951914E-1	1.70002893E-1
-6.83941185E-1	1.69998229E-1
-6.83938801E-1	1.69996783E-1
-6.83935404E-1	1.69995919E-1
-6.83935761E-1	1.69994026E-1
-6.83935881E-1	1.69993758E-1
-6.83936417E-1	1.69994101E-1
-6.83937430E-1	1.69992790E-1
-6.83938861E-1	1.69990644E-1
-6.83936477E-1	1.69988975E-1
-6.83934629E-1	1.69986963E-1
-6.83937013E-1	1.69987053E-1
-6.83936417E-1	1.69987276E-1
-6.83934808E-1	1.69986412E-1
-6.83934212E-1	1.69985518E-1
-6.83929563E-1	1.69984028E-1
-6.83928013E-1	1.69983149E-1
-6.83927417E-1	1.69981077E-1
-6.83928013E-1	1.69980273E-1
-6.83928072E-1	1.69978097E-1
-6.83927178E-1	1.69976652E-1
-6.83927238E-1	1.69975981E-1
-6.83924854E-1	1.69974819E-1
-6.83925211E-1	1.69973761E-1
-6.83923662E-1	1.69972077E-1
-6.83921993E-1	1.69971228E-1
-6.83921337E-1	1.69969380E-1
-6.83922589E-1	1.69968709E-1
-6.83923662E-1	1.69967264E-1
-6.83922708E-1	1.69965714E-1
-6.83921158E-1	1.69965312E-1
-6.83921337E-1	1.69963315E-1
-6.83919132E-1	1.69961587E-1
-6.83916926E-1	1.69960290E-1
-6.83921397E-1	1.69959441E-1
-6.83920085E-1	1.69958577E-1
-6.83919668E-1	1.69958100E-1
-6.83915734E-1	1.69956923E-1
-6.83913529E-1	1.69954002E-1
-6.83914185E-1	1.69952646E-1
-6.83918417E-1	1.69951230E-1
-6.83929145E-1	1.69950396E-1
-6.83941424E-1	1.69949919E-1
-6.83952689E-1	1.69949263E-1
-6.83956921E-1	1.69948414E-1
-6.83961213E-1	1.69947863E-1
-6.83962107E-1	1.69946387E-1
-6.83962584E-1	1.69944167E-1
-6.83962464E-1	1.69942573E-1
-6.83962345E-1	1.69940904E-1
-6.83962286E-1	1.69939846E-1
-6.83963060E-1	1.69938996E-1
-6.83965921E-1	1.69938624E-1
-6.83965623E-1	1.69937268E-1
-6.83963776E-1	1.69935927E-1
-6.83962047E-1	1.69935018E-1
-6.83962345E-1	1.69933647E-1
-6.83963358E-1	1.69933528E-1
-6.83962941E-1	1.69932500E-1
-6.83962166E-1	1.69931471E-1
-6.83961749E-1	1.69931099E-1
-6.83963478E-1	1.69929802E-1
-6.83965325E-1	1.69928640E-1
-6.83966577E-1	1.69927627E-1
-6.83968484E-1	1.69926852E-1
-6.83968186E-1	1.69925705E-1
-6.83967650E-1	1.69924796E-1
-6.83965862E-1	1.69923484E-1
-6.83965743E-1	1.69923112E-1
-6.83965445E-1	1.69922143E-1
-6.83965325E-1	1.69920027E-1
-6.83964252E-1	1.69920176E-1
-6.83961868E-1	1.69920191E-1
-6.83961093E-1	1.69921190E-1
-6.83959603E-1	1.69923574E-1
-6.83960438E-1	1.69923812E-1
-6.83961570E-1	1.69922963E-1
-6.83962822E-1	1.69921950E-1
-6.83964312E-1	1.69921100E-1
-6.83960259E-1	1.69919387E-1
-6.83958411E-1	1.69918627E-1
-6.83954298E-1	1.69917762E-1
-6.83953047E-1	1.69916481E-1
-6.83952093E-1	1.69915318E-1
-6.83950245E-1	1.69914305E-1
-6.83949232E-1	1.69912860E-1
-6.83949411E-1	1.69911295E-1
-6.83949351E-1	1.69910014E-1
-6.83948100E-1	1.69908851E-1
-6.83948934E-1	1.69907883E-1
-6.83947921E-1	1.69907033E-1
-6.83947623E-1	1.69904977E-1
-6.83944643E-1	1.69902936E-1
-6.83941841E-1	1.69902787E-1
-6.83939934E-1	1.69901326E-1
-6.83937430E-1	1.69900626E-1
-6.83937907E-1	1.69899404E-1
-6.83937788E-1	1.69903830E-1
-6.83937252E-1	1.69910252E-1
-6.83936477E-1	1.69914454E-1
-6.83936477E-1	1.69920489E-1
-6.83934987E-1	1.69919536E-1
-6.83933616E-1	1.69919148E-1
-6.83930814E-1	1.69917226E-1
-6.83929205E-1	1.69916496E-1
-6.83927298E-1	1.69916019E-1
-6.83925331E-1	1.69913948E-1
-6.83923125E-1	1.69913739E-1
-6.83921456E-1	1.69913560E-1
-6.83919430E-1	1.69912010E-1
-6.83919489E-1	1.69911563E-1
-6.83918715E-1	1.69910863E-1
-6.83917999E-1	1.69910297E-1
-6.83918476E-1	1.69910178E-1
-6.83917403E-1	1.69908941E-1
-6.83914959E-1	1.69907138E-1
-6.83912933E-1	1.69906005E-1
-6.83910370E-1	1.69904962E-1
-6.83908463E-1	1.69903919E-1
-6.83907151E-1	1.69902995E-1
-6.83906674E-1	1.69901848E-1
-6.83904111E-1	1.69901490E-1
-6.83902979E-1	1.69901147E-1
-6.83901131E-1	1.69900045E-1
-6.83899879E-1	1.69899598E-1
-6.83898807E-1	1.69898450E-1
-6.83897197E-1	1.69897214E-1
-6.83898568E-1	1.69896975E-1
-6.83897316E-1	1.69896796E-1
-6.83896601E-1	1.69896066E-1
-6.83895171E-1	1.69895828E-1
-6.83888793E-1	1.69894278E-1
-6.83885098E-1	1.69893757E-1
-6.83884740E-1	1.69894055E-1
-6.83882713E-1	1.69892564E-1
-6.83882058E-1	1.69891819E-1
-6.83882058E-1	1.69891268E-1
-6.83882415E-1	1.69890881E-1
-6.83882773E-1	1.69891328E-1
-6.83881342E-1	1.69891134E-1
-6.83876872E-1	1.69890493E-1
-6.83873177E-1	1.69889331E-1
-6.83866262E-1	1.69887677E-1
-6.83867812E-1	1.69887140E-1
-6.83869362E-1	1.69887811E-1
-6.83870137E-1	1.69887289E-1
-6.83876693E-1	1.69887409E-1
-6.83871865E-1	1.69887066E-1
-6.83871508E-1	1.69885099E-1
-6.83866441E-1	1.69884592E-1
-6.83853328E-1	1.69883445E-1
-6.83854282E-1	1.69882745E-1
-6.83851302E-1	1.69882610E-1
-6.83853447E-1	1.69883251E-1
-6.83861971E-1	1.69884011E-1
-6.83863223E-1	1.69884533E-1
-6.83862865E-1	1.69883803E-1
-6.83861256E-1	1.69882476E-1
-6.83859825E-1	1.69881642E-1
-6.83856547E-1	1.69879645E-1
-6.83852673E-1	1.69878855E-1
-6.83850884E-1	1.69878080E-1
-6.83848083E-1	1.69876844E-1
-6.83846653E-1	1.69876933E-1
-6.83848858E-1	1.69877782E-1
-6.83851540E-1	1.69878036E-1
-6.83852136E-1	1.69876903E-1
-6.83851957E-1	1.69875905E-1
-6.83846831E-1	1.69874042E-1
-6.83843136E-1	1.69873178E-1
-6.83842838E-1	1.69872701E-1
-6.83841169E-1	1.69872463E-1
-6.83839858E-1	1.69872567E-1
-6.83839321E-1	1.69872552E-1
-6.83838606E-1	1.69872582E-1
-6.83837891E-1	1.69871330E-1
-6.83838069E-1	1.69870600E-1
-6.83837950E-1	1.69870451E-1
-6.83837473E-1	1.69869766E-1
-6.83837235E-1	1.69870287E-1
-6.83835089E-1	1.69870093E-1
-6.83831871E-1	1.69869274E-1
-6.83832169E-1	1.69869289E-1
-6.83829010E-1	1.69868425E-1
-6.83826089E-1	1.69868395E-1
-6.83828175E-1	1.69868082E-1
-6.83826029E-1	1.69867501E-1
-6.83826923E-1	1.69867575E-1
-6.83827698E-1	1.69867858E-1
-6.83824003E-1	1.69867679E-1
-6.83821380E-1	1.69867203E-1
-6.83819950E-1	1.69866621E-1
-6.83820546E-1	1.69865817E-1
-6.83820248E-1	1.69865027E-1
-6.83819652E-1	1.69864893E-1
-6.83817148E-1	1.69864520E-1
-6.83811903E-1	1.69863343E-1
-6.83811903E-1	1.69862047E-1
-6.83809757E-1	1.69861376E-1
-6.83808804E-1	1.69861287E-1
-6.83808804E-1	1.69861376E-1
-6.83807731E-1	1.69861063E-1
-6.83808565E-1	1.69871524E-1
-6.83808446E-1	1.69884205E-1
-6.83805823E-1	1.69892490E-1
-6.83805704E-1	1.69903666E-1
-6.83804154E-1	1.69902220E-1
-6.83802664E-1	1.69902042E-1
-6.83801115E-1	1.69901550E-1
-6.83799565E-1	1.69900641E-1
-6.83799028E-1	1.69900179E-1
-6.83795393E-1	1.69898942E-1
-6.83795452E-1	1.69898272E-1
-6.83795214E-1	1.69898331E-1
-6.83793902E-1	1.69898033E-1
-6.83793545E-1	1.69898242E-1
-6.83792412E-1	1.69898376E-1
-6.83790386E-1	1.69897556E-1
-6.83789492E-1	1.69897050E-1
-6.83788180E-1	1.69896707E-1
-6.83786392E-1	1.69895843E-1
-6.83786213E-1	1.69895172E-1
-6.83783948E-1	1.69894874E-1
-6.83784366E-1	1.69895172E-1
-6.83784485E-1	1.69895247E-1
-6.83783174E-1	1.69894934E-1
-6.83783114E-1	1.69894993E-1
-6.83781266E-1	1.69894382E-1
-6.83781564E-1	1.69894993E-1
-6.83782101E-1	1.69894591E-1
-6.83780134E-1	1.69893995E-1
-6.83778763E-1	1.69892684E-1
-6.83775783E-1	1.69890806E-1
-6.83773816E-1	1.69890523E-1
-6.83771729E-1	1.69890568E-1
-6.83771789E-1	1.69890985E-1
-6.83772087E-1	1.69891015E-1
-6.83769941E-1	1.69890672E-1
-6.83770597E-1	1.69890136E-1
-6.83769524E-1	1.69889301E-1
-6.83767140E-1	1.69889256E-1
-6.83766484E-1	1.69888452E-1
-6.83764637E-1	1.69887856E-1
-6.83763385E-1	1.69888064E-1
-6.83763266E-1	1.69887990E-1
-6.83760881E-1	1.69888228E-1
-6.83759332E-1	1.69887632E-1
-6.83757961E-1	1.69887543E-1
-6.83755934E-1	1.69886991E-1
-6.83756471E-1	1.69886753E-1
-6.83755040E-1	1.69885889E-1
-6.83753490E-1	1.69885054E-1
-6.83752179E-1	1.69884413E-1
-6.83750272E-1	1.69883311E-1
-6.83749676E-1	1.69883490E-1
-6.83749974E-1	1.69883609E-1
-6.83749020E-1	1.69883087E-1
-6.83749080E-1	1.69882432E-1
-6.83748305E-1	1.69882327E-1
-6.83746219E-1	1.69881940E-1
-6.83745980E-1	1.69881165E-1
-6.83744252E-1	1.69880584E-1
-6.83742404E-1	1.69880018E-1
-6.83742344E-1	1.69880658E-1
-6.83742106E-1	1.69881180E-1
-6.83741331E-1	1.69881508E-1
-6.83740020E-1	1.69881985E-1
-6.83739543E-1	1.69881344E-1
-6.83738232E-1	1.69881016E-1
-6.83737338E-1	1.69880971E-1
-6.83736324E-1	1.69880405E-1
-6.83734357E-1	1.69880033E-1
-6.83732331E-1	1.69879273E-1
-6.83733225E-1	1.69880047E-1
-6.83731496E-1	1.69879884E-1
-6.83730602E-1	1.69879630E-1
-6.83730066E-1	1.69878721E-1
-6.83728337E-1	1.69878274E-1
-6.83727026E-1	1.69878215E-1
-6.83726072E-1	1.69878140E-1
-6.83723986E-1	1.69878021E-1
-6.83721423E-1	1.69877127E-1
-6.83719993E-1	1.69876650E-1
