-5.20456016E-1	1.40639976E-1
-5.20458460E-1	1.40639737E-1
-5.20457745E-1	1.40639588E-1
-5.20457566E-1	1.40639588E-1
-5.20455718E-1	1.40639767E-1
-5.20455301E-1	1.40640780E-1
-5.20456135E-1	1.40643030E-1
-5.20452440E-1	1.40644029E-1
-5.20452738E-1	1.40644521E-1
-5.20452261E-1	1.40599787E-1
-5.20190179E-1	1.40562221E-1
-5.19627631E-1	1.40391424E-1
-5.19123077E-1	1.40153944E-1
-5.18519044E-1	1.39983565E-1
-5.17487228E-1	1.39764190E-1
-5.16284883E-1	1.39431015E-1
-5.15477479E-1	1.39215991E-1
-5.14669538E-1	1.38999104E-1
-5.13740182E-1	1.38770103E-1
-5.13390779E-1	1.38643309E-1
-5.12804925E-1	1.38591483E-1
-5.12347460E-1	1.38390362E-1
-5.11877358E-1	1.38202265E-1
-5.11145294E-1	1.38063014E-1
-5.10375202E-1	1.37904018E-1
-5.09959579E-1	1.37727961E-1
-5.09491682E-1	1.37591824E-1
-5.08737743E-1	1.37447909E-1
-5.08254468E-1	1.37256801E-1
-5.07866085E-1	1.37148902E-1
-5.07274628E-1	1.37052387E-1
-5.06736100E-1	1.36896312E-1
-5.06574869E-1	1.36726663E-1
-5.05873322E-1	1.36598602E-1
-5.05144536E-1	1.36455923E-1
-5.04621863E-1	1.36235163E-1
-5.04028678E-1	1.36079356E-1
-5.03014266E-1	1.35784268E-1
-5.01895726E-1	1.35583878E-1
-5.01195788E-1	1.35319576E-1
-5.00636876E-1	1.35185406E-1
-5.00123203E-1	1.35091275E-1
-4.99908686E-1	1.35001019E-1
-4.99650896E-1	1.34926513E-1
-4.99173611E-1	1.34776816E-1
-4.98791546E-1	1.34597152E-1
-4.98033404E-1	1.34528458E-1
-4.97481078E-1	1.34289801E-1
-4.96661752E-1	1.34068727E-1
-4.96141732E-1	1.33943915E-1
-4.95503008E-1	1.33820564E-1
-4.94902223E-1	1.33646846E-1
-4.94426727E-1	1.33522257E-1
-4.93972242E-1	1.33400530E-1
-4.93304521E-1	1.33198425E-1
-4.92846817E-1	1.33016661E-1
-4.92198646E-1	1.32909775E-1
-4.91716087E-1	1.32759690E-1
-4.91114259E-1	1.32502973E-1
-4.90098059E-1	1.32327110E-1
-4.89474982E-1	1.32071033E-1
-4.88620937E-1	1.31934196E-1
-4.88191605E-1	1.31802246E-1
-4.87773210E-1	1.31726220E-1
-4.87501085E-1	1.31619304E-1
-4.87264663E-1	1.31525248E-1
-4.86850739E-1	1.31491929E-1
-4.86426800E-1	1.31380588E-1
-4.86117512E-1	1.31241038E-1
-4.85488445E-1	1.31130144E-1
-4.85069990E-1	1.30951867E-1
-4.84656960E-1	1.30847543E-1
-4.84083474E-1	1.30753070E-1
-4.83812004E-1	1.30621970E-1
-4.83387828E-1	1.30501702E-1
-4.83042926E-1	1.30393311E-1
-4.82379049E-1	1.30273551E-1
-4.81923014E-1	1.30106792E-1
-4.81550366E-1	1.30005404E-1
-4.80931044E-1	1.29903302E-1
-4.80147719E-1	1.29656509E-1
-4.79555368E-1	1.29402831E-1
-4.78879869E-1	1.29224911E-1
-4.77969974E-1	1.29048958E-1
-4.77541059E-1	1.28922671E-1
-4.77252156E-1	1.28844440E-1
-4.76827949E-1	1.28771469E-1
-4.76545960E-1	1.28701285E-1
-4.76488858E-1	1.28652140E-1
-4.76256281E-1	1.28628299E-1
-4.75933850E-1	1.28529146E-1
-4.75666970E-1	1.28419057E-1
-4.75389570E-1	1.28341019E-1
-4.74941730E-1	1.28254622E-1
-4.74734545E-1	1.28171057E-1
-4.74431545E-1	1.28117859E-1
-4.74246442E-1	1.28063604E-1
-4.73969728E-1	1.27965599E-1
-4.73839432E-1	1.27844930E-1
-4.73309189E-1	1.27791703E-1
-4.72481489E-1	1.27542287E-1
-4.72151875E-1	1.27276868E-1
-4.71065491E-1	1.27074108E-1
-4.69970822E-1	1.26872674E-1
-4.69343662E-1	1.26643032E-1
-4.68765944E-1	1.26492396E-1
-4.68184501E-1	1.26337379E-1
-4.67362076E-1	1.26089692E-1
-4.67040390E-1	1.25908911E-1
-4.65978384E-1	1.25731736E-1
-4.65023190E-1	1.25481308E-1
-4.64460433E-1	1.25348926E-1
-4.63948488E-1	1.25226960E-1
-4.63070065E-1	1.24970593E-1
-4.62349713E-1	1.24775752E-1
-4.61655378E-1	1.24493659E-1
-4.60537702E-1	1.24293894E-1
-4.59720314E-1	1.24139845E-1
-4.59530562E-1	1.23970032E-1
-4.58833814E-1	1.23834655E-1
-4.58184510E-1	1.23707138E-1
-4.57645595E-1	1.23458326E-1
-4.56817895E-1	1.23230979E-1
-4.55612719E-1	1.22904025E-1
-4.54831243E-1	1.22701198E-1
-4.54149544E-1	1.22478686E-1
-4.53488648E-1	1.22399956E-1
-4.53237087E-1	1.22330591E-1
-4.52955693E-1	1.22184165E-1
-4.52391833E-1	1.22091539E-1
-4.52041149E-1	1.21988595E-1
-4.51479405E-1	1.21833444E-1
-4.51166123E-1	1.21771879E-1
-4.50746506E-1	1.21695496E-1
-4.50525492E-1	1.21602252E-1
-4.50322300E-1	1.21477425E-1
-4.49689031E-1	1.21346913E-1
-4.49247062E-1	1.21208169E-1
-4.48709458E-1	1.20984197E-1
-4.47753519E-1	1.20825700E-1
-4.46910292E-1	1.20595492E-1
-4.46420044E-1	1.20482057E-1
-4.46012437E-1	1.20371401E-1
-4.45288002E-1	1.20156705E-1
-4.44635063E-1	1.19990505E-1
-4.44232583E-1	1.19881675E-1
-4.43850935E-1	1.19781263E-1
-4.43533152E-1	1.19711518E-1
-4.43416893E-1	1.19671173E-1
-4.43248779E-1	1.19626038E-1
-4.42834496E-1	1.19490251E-1
-4.42455292E-1	1.19329035E-1
-4.41775680E-1	1.19269662E-1
-4.40921873E-1	1.19030833E-1
-4.40298378E-1	1.18763737E-1
-4.39618528E-1	1.18580632E-1
-4.38631415E-1	1.18394136E-1
-4.37693924E-1	1.18134551E-1
-4.37393963E-1	1.17881022E-1
-4.36267138E-1	1.17660061E-1
-4.35059279E-1	1.17434368E-1
-4.34251577E-1	1.17092848E-1
-4.33326125E-1	1.16859227E-1
-4.32166517E-1	1.16503149E-1
-4.31299299E-1	1.16223022E-1
-4.29605544E-1	1.15923427E-1
-4.28127050E-1	1.15496725E-1
-4.27142739E-1	1.15121379E-1
-4.26299721E-1	1.14942521E-1
-4.25516725E-1	1.14809550E-1
-4.25106227E-1	1.14670560E-1
-4.24804777E-1	1.14596702E-1
-4.24156010E-1	1.14498340E-1
-4.23351586E-1	1.14107668E-1
-4.22242045E-1	1.13580354E-1
-4.20145214E-1	1.13194525E-1
-4.18105572E-1	1.12797312E-1
-4.16987747E-1	1.12336762E-1
-4.15296197E-1	1.12042785E-1
-4.14247036E-1	1.11736201E-1
-4.12619054E-1	1.11290134E-1
-4.11607653E-1	1.10934794E-1
-4.10750389E-1	1.10827312E-1
-4.09562677E-1	1.10495351E-1
-4.08879071E-1	1.10189341E-1
-4.08023685E-1	1.09964214E-1
-4.06780660E-1	1.09737195E-1
-4.06052053E-1	1.09463401E-1
-4.05348271E-1	1.09316379E-1
-4.04522568E-1	1.09180443E-1
-4.03782099E-1	1.08957738E-1
-4.03491676E-1	1.08721375E-1
-4.02561039E-1	1.08641706E-1
-4.01649654E-1	1.08383983E-1
-4.01127040E-1	1.08213060E-1
-4.00697619E-1	1.08161189E-1
-4.00048763E-1	1.07963286E-1
-3.99549872E-1	1.07761115E-1
-3.98802012E-1	1.07628167E-1
-3.98324132E-1	1.07482575E-1
-3.97403479E-1	1.07212208E-1
-3.96750748E-1	1.06955446E-1
-3.96105647E-1	1.06866166E-1
-3.94571126E-1	1.06389478E-1
-3.93464178E-1	1.06008597E-1
-3.92572045E-1	1.05902769E-1
-3.91192526E-1	1.05506867E-1
-3.90385151E-1	1.05285913E-1
-3.89807791E-1	1.05104715E-1
-3.88700515E-1	1.04898117E-1
-3.87678683E-1	1.04632534E-1
-3.87078494E-1	1.04469061E-1
-3.86310697E-1	1.04312830E-1
-3.85872602E-1	1.04132108E-1
-3.85475010E-1	1.03952758E-1
-3.84778768E-1	1.03845306E-1
-3.84197772E-1	1.03742205E-1
-3.83897454E-1	1.03608511E-1
-3.83471638E-1	1.03507034E-1
-3.82923007E-1	1.03396803E-1
-3.82492006E-1	1.03145048E-1
-3.81721258E-1	1.02814503E-1
-3.80545557E-1	1.02611080E-1
-3.79421800E-1	1.02406725E-1
-3.78701448E-1	1.02190688E-1
-3.78028184E-1	1.02078311E-1
-3.77566695E-1	1.01893142E-1
-3.77142817E-1	1.01750866E-1
-3.76651675E-1	1.01671942E-1
-3.76253992E-1	1.01596624E-1
-3.76130611E-1	1.01476580E-1
-3.75661492E-1	1.01400539E-1
-3.75217468E-1	1.01315282E-1
-3.74887198E-1	1.01168625E-1
-3.74542624E-1	1.01068795E-1
-3.74179214E-1	1.00999407E-1
-3.73745620E-1	1.00885943E-1
-3.73484582E-1	1.00814126E-1
-3.73223931E-1	1.00792147E-1
-3.73094738E-1	1.00743003E-1
-3.73021454E-1	1.00734614E-1
-3.73007536E-1	1.00733764E-1
-3.73008221E-1	1.00733489E-1
-3.73006314E-1	1.00709602E-1
-3.72790009E-1	1.00646973E-1
-3.72299761E-1	1.00550555E-1
-3.71817142E-1	9.99532118E-2
-3.70846301E-1	9.99003425E-2
-3.70155424E-1	9.97363031E-2
-3.69050533E-1	9.96669084E-2
-3.68197232E-1	9.93257016E-2
-3.66917938E-1	9.89952609E-2
-3.66216987E-1	9.88233909E-2
-3.65633935E-1	9.86770466E-2
-3.65089864E-1	9.85992178E-2
-3.64837706E-1	9.85507593E-2
-3.64687443E-1	9.85056683E-2
-3.64478946E-1	9.84114036E-2
-3.63931209E-1	9.82470810E-2
-3.63515139E-1	9.81450230E-2
-3.63146663E-1	9.80545729E-2
-3.62713039E-1	9.79583412E-2
-3.62447053E-1	9.79092196E-2
-3.62120390E-1	9.77706760E-2
-3.61764401E-1	9.76291969E-2
-3.61230820E-1	9.75812599E-2
-3.60909194E-1	9.74689573E-2
-3.60752404E-1	9.74550396E-2
-3.60728413E-1	9.74490792E-2
-3.60712051E-1	9.74454656E-2
-3.60688806E-1	9.74381939E-2
-3.60665590E-1	9.74331796E-2
-3.60664755E-1	9.74326134E-2
-3.60664785E-1	9.74318162E-2
-3.60664576E-1	9.74313170E-2
-3.60664755E-1	9.74314883E-2
-3.60663563E-1	9.74316075E-2
-3.60662997E-1	9.74308774E-2
-3.60662848E-1	9.74304527E-2
-3.60662103E-1	9.74292904E-2
-3.60662460E-1	9.74295288E-2
-3.60662758E-1	9.74289402E-2
-3.60662162E-1	9.74285752E-2
-3.60653460E-1	9.74192247E-2
-3.60552400E-1	9.73902792E-2
-3.60477209E-1	9.73803774E-2
-3.60401899E-1	9.73460898E-2
-3.60229731E-1	9.72952992E-2
-3.60090077E-1	9.72695649E-2
-3.60004097E-1	9.72459689E-2
-3.59883428E-1	9.72140580E-2
-3.59857976E-1	9.72087905E-2
-3.59859228E-1	9.72078741E-2
-3.59860569E-1	9.72079858E-2
-3.59865785E-1	9.72087905E-2
-3.59866738E-1	9.72081944E-2
-3.59855860E-1	9.72016454E-2
-3.59747946E-1	9.71404538E-2
-3.59519631E-1	9.71018225E-2
-3.58573198E-1	9.68105048E-2
-3.57242852E-1	9.64554772E-2
-3.56389254E-1	9.62378383E-2
-3.55615854E-1	9.60197896E-2
-3.54685694E-1	9.57975611E-2
-3.54034871E-1	9.56817418E-2
-3.53843868E-1	9.55311432E-2
-3.53286535E-1	9.54023153E-2
-3.52771074E-1	9.53144282E-2
-3.52407247E-1	9.51341391E-2
-3.51572663E-1	9.49589461E-2
-3.50502610E-1	9.46821049E-2
-3.50211948E-1	9.45422202E-2
-3.49459410E-1	9.43795517E-2
-3.49001795E-1	9.43071619E-2
-3.48859936E-1	9.42855850E-2
-3.48291546E-1	9.41123962E-2
-3.47816378E-1	9.39245746E-2
-3.47106040E-1	9.37996507E-2
-3.46636385E-1	9.36502814E-2
-3.46359491E-1	9.36255231E-2
-3.46279263E-1	9.36006233E-2
-3.46182972E-1	9.35579091E-2
-3.46025795E-1	9.35242996E-2
-3.45887870E-1	9.35000181E-2
-3.45828861E-1	9.34463441E-2
-3.45443577E-1	9.33214575E-2
-3.44948411E-1	9.31871757E-2
-3.44518065E-1	9.30486247E-2
-3.43683392E-1	9.28407088E-2
-3.43135744E-1	9.26936567E-2
-3.42214406E-1	9.25271958E-2
-3.41680974E-1	9.23245624E-2
-3.40985924E-1	9.21940431E-2
-3.40202242E-1	9.20479819E-2
-3.39901656E-1	9.18077528E-2
-3.39053094E-1	9.16562080E-2
-3.38338733E-1	9.14763436E-2
-3.38071078E-1	9.14158747E-2
-3.37844044E-1	9.12984237E-2
-3.36798161E-1	9.10037905E-2
-3.36420119E-1	9.09040794E-2
-3.35286051E-1	9.06038210E-2
-3.34252477E-1	9.03832391E-2
-3.34030688E-1	9.03537795E-2
-3.33789647E-1	9.02386978E-2
-3.33250970E-1	9.00931507E-2
-3.32677096E-1	8.99878815E-2
-3.32279384E-1	8.98787230E-2
-3.31569105E-1	8.96820351E-2
-3.30995142E-1	8.94256011E-2
-3.30262125E-1	8.92060027E-2
-3.28913927E-1	8.88481587E-2
-3.27702671E-1	8.86449069E-2
-3.26992601E-1	8.84517953E-2
-3.25936079E-1	8.81626233E-2
-3.24926853E-1	8.79008546E-2
-3.24345380E-1	8.77491981E-2
-3.23471189E-1	8.75869840E-2
-3.22926491E-1	8.73804837E-2
-3.22544187E-1	8.72872397E-2
-3.21927160E-1	8.71064663E-2
-3.21432412E-1	8.69156048E-2
-3.20780724E-1	8.68029445E-2
-3.20311725E-1	8.66693184E-2
-3.19512844E-1	8.64415318E-2
-3.18635136E-1	8.62183422E-2
-3.18036348E-1	8.60644057E-2
-3.17211896E-1	8.58537853E-2
-3.16577166E-1	8.57266039E-2
-3.16446692E-1	8.56996253E-2
-3.16138953E-1	8.56111795E-2
-3.15863431E-1	8.55486020E-2
-3.15750539E-1	8.55194926E-2
-3.15498620E-1	8.54268223E-2
-3.15174729E-1	8.53515714E-2
-3.14892858E-1	8.52401406E-2
-3.14470768E-1	8.51657391E-2
-3.14141423E-1	8.51085410E-2
-3.14098209E-1	8.50880966E-2
-3.13980520E-1	8.50261375E-2
-3.13682318E-1	8.49139541E-2
-3.13116968E-1	8.47893953E-2
-3.12546343E-1	8.45568180E-2
-3.11678737E-1	8.44063386E-2
-3.11019003E-1	8.41627344E-2
-3.10433000E-1	8.40354636E-2
-3.09757203E-1	8.39312896E-2
-3.09269458E-1	8.38166773E-2
-3.09036314E-1	8.37558657E-2
-3.08595866E-1	8.36425349E-2
-3.08313072E-1	8.35162401E-2
-3.07936430E-1	8.34569857E-2
-3.07069302E-1	8.32162946E-2
-3.06042254E-1	8.29405114E-2
-3.05334985E-1	8.27517062E-2
-3.04624408E-1	8.24875683E-2
-3.03749800E-1	8.23577642E-2
-3.02987874E-1	8.21590126E-2
-3.02438408E-1	8.20208490E-2
-3.01920772E-1	8.18127468E-2
-3.01147550E-1	8.16818252E-2
-3.00683230E-1	8.15601349E-2
-2.99865663E-1	8.13496783E-2
-2.99345821E-1	8.11425522E-2
-2.98549473E-1	8.10012147E-2
-2.97999680E-1	8.08598176E-2
-2.97346234E-1	8.06874782E-2
-2.96915740E-1	8.05822909E-2
-2.96224475E-1	8.03954229E-2
-2.95736253E-1	8.01905915E-2
-2.94893831E-1	8.00257027E-2
-2.94246942E-1	7.98563361E-2
-2.93361157E-1	7.96266273E-2
-2.92811692E-1	7.94735849E-2
-2.92173386E-1	7.93022886E-2
-2.91046888E-1	7.89619237E-2
-2.89573163E-1	7.85629004E-2
-2.88522899E-1	7.84170851E-2
-2.86970586E-1	7.80055746E-2
-2.86134839E-1	7.77080506E-2
-2.85458803E-1	7.75445253E-2
-2.84459144E-1	7.72984698E-2
-2.83887923E-1	7.71438032E-2
-2.82929599E-1	7.68934935E-2
-2.82236755E-1	7.67105743E-2
-2.81223655E-1	7.64636546E-2
-2.80261099E-1	7.61933997E-2
-2.79490232E-1	7.60962591E-2
-2.78783619E-1	7.58362710E-2
-2.77888983E-1	7.56077841E-2
-2.77323008E-1	7.54871815E-2
-2.76551455E-1	7.52864480E-2
-2.75988966E-1	7.50494450E-2
-2.75302798E-1	7.48412386E-2
-2.73916066E-1	7.45824799E-2
-2.72538126E-1	7.42190629E-2
-2.71513134E-1	7.39482343E-2
-2.70171076E-1	7.36351907E-2
-2.69657433E-1	7.34384507E-2
-2.68957734E-1	7.33429864E-2
-2.68647522E-1	7.32618198E-2
-2.68020093E-1	7.30763450E-2
-2.67111242E-1	7.28285685E-2
-2.66777426E-1	7.26554543E-2
-2.65797257E-1	7.24955499E-2
-2.64724374E-1	7.22058192E-2
-2.63906091E-1	7.19888881E-2
-2.62548536E-1	7.16277584E-2
-2.61112750E-1	7.12692216E-2
-2.60695815E-1	7.11684301E-2
-2.59587675E-1	7.08965957E-2
-2.58603007E-1	7.06216991E-2
-2.57811934E-1	7.04038218E-2
-2.56478101E-1	7.01775551E-2
-2.55379379E-1	6.98915198E-2
-2.54774302E-1	6.96688816E-2
-2.54299551E-1	6.95670545E-2
-2.53726274E-1	6.93811402E-2
-2.52863824E-1	6.92260340E-2
-2.52288997E-1	6.90833256E-2
-2.51386493E-1	6.88258410E-2
-2.50537694E-1	6.84643909E-2
-2.49608532E-1	6.83396310E-2
-2.48068929E-1	6.79289103E-2
-2.46374756E-1	6.74935430E-2
-2.45517865E-1	6.72879741E-2
-2.44158581E-1	6.69171363E-2
-2.42354095E-1	6.64410591E-2
-2.41683215E-1	6.61104992E-2
-2.39549652E-1	6.57293200E-2
-2.37002492E-1	6.50698692E-2
-2.35514745E-1	6.45750314E-2
-2.33829334E-1	6.44391403E-2
-2.32871741E-1	6.40570074E-2
-2.32059896E-1	6.38653859E-2
-2.31558740E-1	6.37283847E-2
-2.30768755E-1	6.35356531E-2
-2.30154932E-1	6.34036511E-2
-2.30009556E-1	6.33562356E-2
-2.29737312E-1	6.33166805E-2
-2.29526967E-1	6.32732660E-2
-2.29436353E-1	6.32492825E-2
-2.29270861E-1	6.32121116E-2
-2.28994504E-1	6.31266162E-2
-2.28589401E-1	6.28295764E-2
-2.26899669E-1	6.25311956E-2
-2.25633845E-1	6.20615184E-2
-2.24430680E-1	6.17378913E-2
-2.22614944E-1	6.15038946E-2
-2.21702114E-1	6.12307526E-2
-2.20972002E-1	6.09263964E-2
-2.20078602E-1	6.07173331E-2
-2.18767539E-1	6.03912175E-2
-2.17513278E-1	6.01067021E-2
-2.16626376E-1	5.98833375E-2
-2.15024084E-1	5.94160035E-2
-2.13003129E-1	5.88483103E-2
-2.11486816E-1	5.85068353E-2
-2.09688112E-1	5.82005978E-2
-2.07917526E-1	5.77693544E-2
-2.07365707E-1	5.75342141E-2
-2.06088707E-1	5.72040416E-2
-2.04769075E-1	5.69070503E-2
-2.04213277E-1	5.68042807E-2
-2.03601092E-1	5.67121916E-2
-2.03020185E-1	5.65613434E-2
-2.02735946E-1	5.64514287E-2
-2.02441528E-1	5.63666373E-2
-2.01811150E-1	5.62280491E-2
-2.01179862E-1	5.59206009E-2
-1.99615553E-1	5.56186289E-2
-1.97721481E-1	5.51263019E-2
-1.96622342E-1	5.47396988E-2
-1.95183158E-1	5.45507111E-2
-1.94356933E-1	5.43904975E-2
-1.93696231E-1	5.41401953E-2
-1.93007365E-1	5.39713167E-2
-1.92135617E-1	5.37567288E-2
-1.91532180E-1	5.36368936E-2
-1.91272005E-1	5.35921156E-2
-1.90784723E-1	5.34490608E-2
-1.90253317E-1	5.32836393E-2
-1.89528823E-1	5.29900752E-2
-1.88310012E-1	5.27857281E-2
-1.87281609E-1	5.25220931E-2
-1.86624512E-1	5.22372276E-2
-1.85388595E-1	5.20249419E-2
-1.84553951E-1	5.17915487E-2
-1.83622256E-1	5.13965115E-2
-1.81907251E-1	5.11397086E-2
-1.80303439E-1	5.07134832E-2
-1.79145798E-1	5.02830222E-2
-1.77411765E-1	5.01539744E-2
-1.76023260E-1	4.97677028E-2
-1.75063923E-1	4.94105890E-2
-1.74179450E-1	4.92218547E-2
-1.73023075E-1	4.90179770E-2
-1.71862572E-1	4.87283953E-2
-1.71288818E-1	4.85977866E-2
-1.70265362E-1	4.84292060E-2
-1.68917924E-1	4.80495617E-2
-1.68477058E-1	4.76991050E-2
-1.66972935E-1	4.74320576E-2
-1.65487990E-1	4.71694134E-2
-1.64705679E-1	4.67568301E-2
-1.61522031E-1	4.61875834E-2
-1.57626480E-1	4.52146232E-2
-1.56376809E-1	4.46000658E-2
-1.52526096E-1	4.37849984E-2
-1.50589764E-1	4.35189083E-2
-1.49942204E-1	4.32726704E-2
-1.49262324E-1	4.31084409E-2
-1.48235112E-1	4.28730622E-2
-1.47496253E-1	4.27504815E-2
-1.47050768E-1	4.25994024E-2
-1.46578968E-1	4.25235853E-2
-1.46412611E-1	4.24814895E-2
-1.46394014E-1	4.24765386E-2
-1.46389723E-1	4.24708687E-2
-1.46392345E-1	4.24693674E-2
-1.46391630E-1	4.24675010E-2
-1.46390975E-1	4.24661003E-2
-1.46381080E-1	4.24485616E-2
-1.46234989E-1	4.23594341E-2
-1.45299241E-1	4.21554856E-2
-1.43146172E-1	4.15655375E-2
-1.41278088E-1	4.11009975E-2
-1.37851790E-1	4.02511247E-2
-1.35759115E-1	3.99789400E-2
-1.33947447E-1	3.92237566E-2
-1.31245390E-1	3.85634266E-2
-1.29058108E-1	3.81831564E-2
-1.27749398E-1	3.77084166E-2
-1.26507416E-1	3.73163037E-2
-1.24714322E-1	3.70411240E-2
-1.23209335E-1	3.67985740E-2
-1.22317784E-1	3.64773087E-2
-1.20895214E-1	3.62459980E-2
-1.19183198E-1	3.58150303E-2
-1.17941342E-1	3.53569947E-2
-1.16072498E-1	3.50583792E-2
-1.14799164E-1	3.47184129E-2
-1.14526555E-1	3.45159359E-2
-1.13636285E-1	3.43792625E-2
-1.12782046E-1	3.42282169E-2
-1.12078816E-1	3.39565463E-2
-1.10949576E-1	3.36966328E-2
-1.09856620E-1	3.35123613E-2
-1.09184057E-1	3.33574601E-2
-1.08499900E-1	3.31907608E-2
-1.07967980E-1	3.30492370E-2
-1.07407153E-1	3.29012908E-2
-1.06627531E-1	3.26287374E-2
-1.05735295E-1	3.25501375E-2
-1.05112530E-1	3.22978571E-2
-1.04061857E-1	3.20318863E-2
-1.03249393E-1	3.18370312E-2
-1.01969607E-1	3.15461867E-2
-1.01280794E-1	3.13409865E-2
-9.88250822E-2	3.11510656E-2
-9.83436480E-2	3.08965202E-2
-9.72327441E-2	3.04306615E-2
-9.59978700E-2	2.98061855E-2
-9.33773518E-2	2.93492936E-2
-9.07669365E-2	2.89125945E-2
-8.99028033E-2	2.83154752E-2
-8.71430561E-2	2.78891642E-2
-8.37775916E-2	2.70272996E-2
-8.16896558E-2	2.63184309E-2
-7.97937065E-2	2.60972586E-2
-7.75149688E-2	2.55165342E-2
-7.66498074E-2	2.52595711E-2
-7.58248344E-2	2.50258017E-2
-7.40841404E-2	2.45789234E-2
-7.21892864E-2	2.42907964E-2
-7.09761977E-2	2.38895398E-2
-6.96655586E-2	2.36860234E-2
-6.87905326E-2	2.34565418E-2
-6.84786215E-2	2.32358910E-2
-6.74863905E-2	2.30933372E-2
-6.64116144E-2	2.27985494E-2
-6.59542456E-2	2.25066729E-2
-6.45976961E-2	2.24203803E-2
-6.33995086E-2	2.20991336E-2
-6.23688884E-2	2.17008889E-2
-6.05988801E-2	2.14166455E-2
-5.94654419E-2	2.09243018E-2
-5.72654903E-2	2.03920715E-2
-5.58486208E-2	2.02406831E-2
-5.38023748E-2	1.97375230E-2
-5.17356843E-2	1.92876197E-2
-5.12618348E-2	1.90772843E-2
-4.99721877E-2	1.87597424E-2
-4.89884838E-2	1.85627546E-2
-4.85038124E-2	1.84340328E-2
-4.75642905E-2	1.81991607E-2
-4.64700013E-2	1.79245323E-2
-4.56187762E-2	1.77006032E-2
-4.46746200E-2	1.74734052E-2
-4.35329229E-2	1.72109231E-2
-4.30103876E-2	1.70347132E-2
-4.24400903E-2	1.69689171E-2
-4.20916863E-2	1.68743059E-2
-4.18345891E-2	1.67645663E-2
-4.15459462E-2	1.67322755E-2
-4.11015637E-2	1.66208874E-2
-4.06690687E-2	1.65073145E-2
-4.03683893E-2	1.64341591E-2
-3.97981517E-2	1.63225792E-2
-3.91630009E-2	1.61597487E-2
-3.89253236E-2	1.60377230E-2
-3.78144234E-2	1.57424975E-2
-3.63208130E-2	1.53620085E-2
-3.52417305E-2	1.50996149E-2
-3.34106311E-2	1.46143567E-2
-3.16835940E-2	1.41632780E-2
-3.11193690E-2	1.39025012E-2
-2.95823943E-2	1.36477724E-2
-2.84516476E-2	1.33803152E-2
-2.78889034E-2	1.31890532E-2
-2.69314945E-2	1.30228521E-2
-2.62314212E-2	1.27524538E-2
-2.50830147E-2	1.25489272E-2
-2.41817273E-2	1.23348748E-2
-2.32482795E-2	1.19642876E-2
-2.18915753E-2	1.15836440E-2
-2.08995454E-2	1.14558041E-2
-1.96022727E-2	1.11185433E-2
-1.86054334E-2	1.08351875E-2
-1.78566985E-2	1.06285410E-2
-1.66907497E-2	1.04225865E-2
-1.59412473E-2	1.00306133E-2
-1.52062485E-2	9.89790913E-3
-1.45413605E-2	9.81334690E-3
-1.42511409E-2	9.73040052E-3
-1.41137270E-2	9.70820524E-3
-1.41109154E-2	9.70098004E-3
-1.41104562E-2	9.69270151E-3
-1.41104721E-2	9.68547352E-3
-1.40804555E-2	9.68287885E-3
-1.32093448E-2	9.43630747E-3
-1.12145683E-2	8.92542116E-3
-1.04563115E-2	8.53098556E-3
-7.98314903E-3	7.89870787E-3
-6.14414038E-3	7.54886493E-3
-5.60794678E-3	7.43133062E-3
-5.28007420E-3	7.32412515E-3
-5.07396273E-3	7.29448488E-3
-5.07439533E-3	7.29022268E-3
-5.07842051E-3	7.27739744E-3
-5.07897791E-3	7.27083907E-3
-5.07882843E-3	7.26708630E-3
-5.07860677E-3	7.26378802E-3
-5.07890247E-3	7.26038078E-3
-5.07962517E-3	7.25634862E-3
-5.07932762E-3	7.25340005E-3
-5.07880468E-3	7.24852504E-3
-5.07807173E-3	7.24387215E-3
-5.07631805E-3	7.24254595E-3
-5.07616671E-3	7.24010635E-3
-5.07541187E-3	7.23750331E-3
-5.07549476E-3	7.23508233E-3
-5.07688662E-3	7.23118242E-3
-5.07617602E-3	7.22639402E-3
-5.07626310E-3	7.22341100E-3
-5.07578440E-3	7.22230971E-3
-5.07416297E-3	7.22604198E-3
-5.07472968E-3	7.22594140E-3
-5.07357251E-3	7.22575700E-3
-5.07147796E-3	7.22349342E-3
-5.07211266E-3	7.21607637E-3
-5.07130707E-3	7.21426820E-3
-5.07151848E-3	7.21171452E-3
-5.07133082E-3	7.20990915E-3
-5.07057505E-3	7.21020298E-3
-5.07481629E-3	7.21041998E-3
-5.07714273E-3	7.20851822E-3
-5.07866545E-3	7.20620062E-3
-5.07899886E-3	7.20231282E-3
-5.09018172E-3	7.19861872E-3
-5.15385065E-3	7.21091451E-3
-4.61173616E-3	6.96726004E-3
-3.09022190E-3	6.46703970E-3
-1.55413500E-3	6.34165201E-3
-4.75210632E-4	5.94955450E-3
-2.11161841E-6	5.93457790E-3
-2.12122836E-6	5.92856947E-3
-1.91941763E-6	5.92003809E-3
-1.85666977E-6	5.91458892E-3
-1.87871626E-6	5.90793462E-3
-1.75095931E-6	5.90359885E-3
-1.75830814E-6	5.89975854E-3
-1.66616496E-6	5.89695014E-3
-1.52710209E-6	5.89590380E-3
-1.43721991E-6	5.89302136E-3
-1.43100169E-6	5.89088211E-3
-1.18962021E-6	5.88864041E-3
-1.09012808E-6	5.88612538E-3
-1.05734091E-6	5.88307669E-3
-7.87694603E-7	5.88180032E-3
-8.06349419E-7	5.87847410E-3
-8.15959424E-7	5.87580493E-3
-6.80853645E-7	5.87303657E-3
-6.32803449E-7	5.86872036E-3
-5.24266568E-7	5.86393662E-3
-4.54735158E-7	5.86119061E-3
-4.43429229E-7	5.85807627E-3
-3.26412930E-7	5.85627928E-3
-3.89726097E-7	5.85541222E-3
-4.34949783E-7	5.85483108E-3
-3.16802613E-7	5.85472863E-3
-2.82319377E-7	5.85398544E-3
-9.06836775E-8	5.84918074E-3
-3.07621022E-8	5.84712671E-3
-1.27427768E-7	5.84394811E-3
-7.20287332E-8	5.84344659E-3
-3.81109544E-8	5.84601425E-3
1.51263293E-7	5.84585918E-3
3.16329817E-7	5.84583078E-3
1.45045036E-7	5.84502006E-3
2.62626656E-7	5.84342284E-3
2.00444077E-7	5.84295113E-3
2.66018446E-7	5.84188988E-3
3.64379986E-7	5.84065542E-3
2.50755448E-7	5.83793409E-3
1.98182889E-7	5.83589263E-3
2.98805617E-7	5.83267165E-3
2.50755448E-7	5.83132077E-3
3.57031155E-7	5.83061296E-3
3.88122430E-7	5.83055476E-3
1.16780221E-7	5.83118480E-3
2.08923524E-7	5.83123695E-3
6.13811864E-8	5.83112566E-3
7.49482965E-8	5.82938502E-3
3.88687738E-7	5.82816685E-3
4.42956178E-7	5.82604343E-3
6.11414464E-7	5.82429767E-3
7.46520300E-7	5.82297007E-3
7.28430791E-7	5.82192559E-3
6.45332250E-7	5.82166668E-3
5.85976125E-7	5.82038099E-3
7.35779622E-7	5.81911020E-3
7.59522095E-7	5.81770996E-3
7.52173264E-7	5.81628410E-3
8.26792359E-7	5.81594231E-3
8.74278157E-7	5.81553113E-3
7.19954869E-7	5.81502682E-3
7.75356398E-7	5.81367034E-3
8.20581874E-7	5.81178023E-3
7.85534269E-7	5.80910826E-3
9.54558004E-7	5.80750732E-3
9.04246633E-7	5.80495596E-3
8.65806442E-7	5.80341136E-3
9.30815588E-7	5.80053497E-3
9.47774481E-7	5.79802413E-3
1.07327037E-6	5.79468720E-3
1.04952790E-6	5.79138147E-3
1.08514166E-6	5.78975724E-3
1.01900184E-6	5.78854140E-3
1.03200375E-6	5.78999100E-3
1.15467321E-6	5.79123385E-3
1.16710964E-6	5.79876266E-3
9.48905097E-7	5.80117060E-3
8.53369897E-7	5.79967536E-3
8.51673974E-7	5.79450186E-3
8.69763483E-7	5.78740519E-3
9.92432888E-7	5.78594487E-3
1.19707045E-6	5.78712160E-3
1.16032606E-6	5.78966783E-3
1.22024755E-6	5.78904478E-3
1.21798644E-6	5.78707224E-3
1.11284123E-6	5.78512158E-3
1.23607595E-6	5.78242168E-3
1.31747868E-6	5.78140467E-3
1.42205863E-6	5.78119839E-3
1.44240926E-6	5.78274159E-3
1.35761479E-6	5.78325335E-3
1.44127876E-6	5.78402076E-3
1.46615173E-6	5.78398257E-3
1.53907501E-6	5.78328129E-3
1.53172618E-6	5.78325521E-3
1.52889959E-6	5.78277092E-3
1.52494249E-6	5.78164868E-3
1.32821901E-6	5.78124030E-3
1.29769285E-6	5.77704050E-3
1.31691297E-6	5.77381300E-3
1.36270194E-6	5.77233545E-3
1.45371473E-6	5.77190705E-3
1.55377234E-6	5.77249005E-3
1.64082803E-6	5.77298924E-3
1.67983353E-6	5.77275967E-3
1.82454960E-6	5.77144977E-3
1.91273580E-6	5.77127608E-3
1.82963720E-6	5.77125233E-3
1.84885732E-6	5.77131193E-3
1.64591575E-6	5.77123044E-3
1.54359702E-6	5.77046210E-3
1.45936770E-6	5.77108795E-3
1.50119968E-6	5.77205699E-3
1.47971843E-6	5.77279413E-3
1.61595494E-6	5.77349681E-3
1.65948290E-6	5.77200809E-3
1.94326185E-6	5.77106141E-3
2.09419613E-6	5.77004254E-3
2.07667199E-6	5.77127608E-3
1.99526926E-6	5.77201182E-3
1.94891481E-6	5.77216875E-3
1.78723997E-6	5.77197038E-3
1.79063170E-6	5.77100273E-3
1.80137238E-6	5.76980831E-3
1.77593404E-6	5.76954987E-3
1.76236688E-6	5.76908886E-3
1.74823447E-6	5.76876430E-3
1.81776602E-6	5.76851750E-3
1.63404445E-6	5.76886069E-3
1.69340069E-6	5.76920202E-3
1.62839115E-6	5.76939853E-3
1.85111696E-6	5.76883461E-3
2.01448665E-6	5.76861808E-3
2.00374529E-6	5.76782506E-3
1.86468185E-6	5.76792285E-3
1.84941882E-6	5.76803600E-3
1.82850283E-6	5.76769421E-3
1.75671016E-6	5.76734729E-3
1.77536504E-6	5.76713495E-3
1.73240244E-6	5.76623110E-3
1.78440973E-6	5.76617941E-3
1.92573384E-6	5.76599175E-3
2.00317959E-6	5.76579478E-3
2.01222429E-6	5.76606020E-3
2.04670732E-6	5.76540362E-3
2.06988443E-6	5.76467859E-3
2.05236029E-6	5.76373842E-3
2.03314016E-6	5.76261105E-3
1.98169823E-6	5.76266646E-3
1.95512939E-6	5.76147437E-3
1.86750833E-6	5.76032512E-3
2.00374484E-6	5.76054538E-3
1.97830650E-6	5.75901335E-3
1.82850283E-6	5.75869158E-3
2.02974843E-6	5.75881079E-3
1.99130841E-6	5.75819053E-3
1.98565544E-6	5.75844711E-3
2.11680413E-6	5.75834466E-3
2.01844250E-6	5.75771602E-3
2.08401707E-6	5.75736864E-3
2.14959141E-6	5.75610623E-3
2.04161961E-6	5.75550878E-3
2.00148361E-6	5.75497700E-3
1.93534402E-6	5.75369876E-3
1.97491477E-6	5.75354788E-3
2.02918318E-6	5.75313717E-3
2.00600607E-6	5.75268641E-3
1.96587007E-6	5.75263659E-3
1.93195228E-6	5.75141469E-3
1.92686480E-6	5.75149013E-3
1.86242096E-6	5.75168431E-3
1.85337626E-6	5.75126009E-3
1.98678617E-6	5.75146172E-3
2.00204931E-6	5.75103657E-3
2.25134499E-6	5.75064961E-3
2.25191047E-6	5.74988872E-3
2.26999987E-6	5.74875018E-3
2.45259071E-6	5.74849639E-3
2.35366383E-6	5.74668823E-3
2.33613946E-6	5.74664772E-3
2.26321640E-6	5.74693969E-3
2.23382085E-6	5.74681303E-3
2.15128762E-6	5.74665330E-3
2.09136601E-6	5.74611034E-3
2.14337342E-6	5.74540999E-3
2.03427112E-6	5.74497133E-3
2.03653235E-6	5.74432733E-3
1.91160166E-6	5.74389752E-3
1.96021733E-6	5.74247306E-3
1.96643555E-6	5.74193010E-3
2.13828571E-6	5.74080041E-3
2.26378165E-6	5.73904999E-3
2.15580985E-6	5.73872076E-3
2.21629671E-6	5.73840691E-3
2.09306199E-6	5.73895033E-3
2.05236074E-6	5.73971635E-3
2.13715521E-6	5.73955383E-3
2.06762365E-6	5.73915336E-3
1.96869678E-6	5.73809817E-3
2.02692240E-6	5.73758129E-3
2.01844273E-6	5.73628908E-3
2.06423124E-6	5.73508348E-3
2.33105038E-6	5.73477242E-3
2.41527869E-6	5.73467417E-3
2.48028709E-6	5.73333865E-3
2.41188627E-6	5.73052652E-3
2.24229734E-6	5.72811393E-3
2.26943143E-6	5.72391553E-3
2.28639033E-6	5.72003564E-3
2.39153565E-6	5.71837369E-3
2.41527800E-6	5.71366353E-3
2.42432270E-6	5.70776919E-3
2.53907797E-6	5.70458081E-3
2.45258752E-6	5.70135936E-3
2.44863054E-6	5.70014678E-3
2.56508156E-6	5.69897797E-3
2.29543525E-6	5.69814863E-3
2.40171084E-6	5.69818355E-3
2.23325242E-6	5.69860451E-3
2.28921681E-6	5.69883035E-3
2.09871200E-6	5.69919078E-3
2.13262979E-6	5.69833629E-3
2.18802870E-6	5.69646480E-3
2.26773568E-6	5.69567224E-3
2.27508440E-6	5.69372438E-3
2.25982149E-6	5.69168013E-3
2.31352465E-6	5.69046102E-3
2.40058034E-6	5.69030829E-3
2.60239108E-6	5.69020025E-3
2.59673811E-6	5.69054065E-3
2.59108515E-6	5.69089968E-3
2.35083417E-6	5.69057418E-3
2.24625433E-6	5.68887917E-3
2.28752106E-6	5.68970805E-3
2.33839774E-6	5.68993809E-3
2.44919579E-6	5.69087034E-3
2.47463481E-6	5.69417095E-3
2.54360270E-6	5.69464685E-3
2.57017359E-6	5.69494395E-3
2.40341228E-6	5.69457561E-3
2.48877268E-6	5.69394790E-3
2.32766297E-6	5.69461752E-3
2.35140556E-6	5.69517631E-3
2.60974616E-6	5.69562521E-3
2.54530232E-6	5.69513533E-3
2.61087689E-6	5.69365732E-3
2.66344932E-6	5.69271436E-3
2.50064386E-6	5.69190830E-3
2.31748777E-6	5.69231436E-3
2.23382381E-6	5.69246802E-3
2.16655349E-6	5.69224497E-3
2.08854249E-6	5.69283590E-3
2.15411683E-6	5.69323916E-3
2.33840365E-6	5.69428317E-3
2.46672607E-6	5.69523033E-3
2.50064386E-6	5.69511345E-3
2.45033243E-6	5.69470599E-3
2.44072248E-6	5.69493370E-3
2.41867588E-6	5.69813931E-3
2.35366679E-6	5.70010208E-3
2.49046866E-6	5.70193352E-3
2.56678368E-6	5.70096727E-3
2.51025403E-6	5.69770997E-3
2.57808961E-6	5.69580076E-3
2.46672607E-6	5.69330342E-3
2.44241824E-6	5.69141889E-3
2.54925953E-6	5.69087407E-3
2.49668688E-6	5.68872644E-3
2.53060466E-6	5.68839954E-3
2.39889050E-6	5.68801211E-3
2.26095813E-6	5.68669708E-3
2.30165961E-6	5.68616856E-3
2.27791747E-6	5.68622071E-3
2.52608356E-6	5.68759209E-3
2.50629864E-6	5.68887684E-3
2.53569442E-6	5.69044519E-3
2.38645612E-6	5.69200981E-3
2.38871712E-6	5.69203915E-3
2.51308256E-6	5.69137419E-3
2.52325799E-6	5.69048803E-3
2.54247789E-6	5.68734528E-3
2.57187344E-6	5.68588311E-3
2.50290714E-6	5.68660162E-3
2.32766502E-6	5.68804797E-3
2.20838751E-6	5.69001120E-3
2.17786146E-6	5.69329131E-3
2.22760764E-6	5.69800287E-3
2.33218748E-6	5.69800846E-3
2.47803405E-6	5.69554372E-3
2.49612367E-6	5.68814995E-3
2.47803405E-6	5.68225468E-3
2.29713919E-6	5.68109378E-3
2.20895276E-6	5.68021694E-3
2.17051252E-6	5.68195526E-3
2.17673073E-6	5.68276970E-3
2.28809427E-6	5.68274409E-3
2.40228428E-6	5.68126841E-3
2.36497476E-6	5.67923766E-3
2.44355101E-6	5.67695266E-3
2.47633830E-6	5.66888973E-3
2.45824867E-6	5.66643057E-3
2.58261412E-6	5.66780893E-3
2.62501135E-6	5.66970557E-3
2.60522597E-6	5.67799015E-3
2.65497215E-6	5.67940669E-3
2.56622047E-6	5.67842601E-3
2.69736938E-6	5.67697873E-3
2.62896856E-6	5.67698060E-3
2.65779909E-6	5.67677990E-3
2.71263343E-6	5.67946676E-3
2.52608584E-6	5.67865325E-3
2.39550241E-6	5.67803020E-3
2.33162382E-6	5.67849027E-3
2.27113696E-6	5.67615544E-3
2.26322277E-6	5.67594590E-3
2.22195604E-6	5.67530142E-3
2.15525097E-6	5.67407766E-3
2.18521177E-6	5.67329954E-3
2.16373041E-6	5.67325717E-3
2.31183844E-6	5.67226624E-3
2.44524836E-6	5.67235891E-3
2.47803564E-6	5.67109929E-3
2.45372780E-6	5.67108393E-3
2.49669051E-6	5.67118498E-3
2.53682651E-6	5.67099685E-3
2.50347398E-6	5.67188580E-3
2.48764582E-6	5.67213492E-3
2.30109777E-6	5.67175355E-3
2.25304734E-6	5.67210605E-3
2.28696535E-6	5.67167019E-3
2.32314437E-6	5.67114260E-3
2.39267570E-6	5.67125669E-3
2.31579543E-6	5.67112584E-3
2.22195604E-6	5.67127811E-3
2.34688673E-6	5.67380758E-3
2.53739177E-6	5.67367068E-3
2.60579282E-6	5.67295402E-3
2.69850148E-6	5.67214703E-3
6.09699229E-4	5.37096383E-3
1.68627419E-3	5.11865923E-3
3.29029514E-3	4.73688357E-3
4.89059649E-3	4.48071258E-3
5.34980139E-3	4.39557573E-3
5.28038060E-3	4.40988643E-3
5.19423652E-3	4.42387769E-3
5.13852155E-3	4.43469686E-3
5.08382590E-3	4.44060285E-3
5.07365027E-3	4.43282304E-3
5.10333013E-3	4.42637270E-3
5.12343412E-3	4.41875355E-3
5.15352702E-3	4.40908642E-3
5.15871495E-3	4.40660957E-3
5.13877859E-3	4.41160891E-3
5.09107718E-3	4.41963691E-3
5.04135014E-3	4.42437269E-3
5.00774896E-3	4.42940369E-3
4.99714306E-3	4.42479039E-3
4.99764318E-3	4.42025531E-3
4.99810744E-3	4.41766344E-3
4.99904761E-3	4.41474142E-3
4.99867974E-3	4.41399729E-3
4.99854656E-3	4.41373838E-3
4.99938382E-3	4.41313908E-3
5.00012655E-3	4.41097654E-3
5.00080641E-3	4.40943055E-3
5.00104018E-3	4.40787384E-3
5.00152633E-3	4.40662773E-3
5.00171073E-3	4.40664077E-3
5.00145741E-3	4.40663984E-3
5.00082737E-3	4.40555671E-3
5.00045670E-3	4.40103142E-3
5.00087952E-3	4.39788401E-3
5.04580466E-3	4.37143026E-3
5.31542674E-3	4.25173994E-3
5.75724244E-3	4.12579440E-3
6.58169063E-3	3.99317686E-3
7.40892068E-3	3.78506514E-3
7.89254066E-3	3.66775785E-3
8.37047119E-3	3.49915330E-3
9.16099362E-3	3.28756496E-3
9.73122288E-3	3.12779006E-3
1.04204332E-2	2.86801136E-3
1.13490988E-2	2.72911112E-3
1.21288011E-2	2.50073662E-3
1.27800517E-2	2.33710045E-3
1.35432240E-2	2.12600851E-3
1.42956451E-2	1.95909035E-3
1.48265744E-2	1.79674837E-3
1.52799450E-2	1.58022763E-3
1.63435005E-2	1.33215054E-3
1.66316237E-2	1.17079006E-3
1.75191313E-2	9.11599607E-4
1.84906852E-2	6.42021478E-4
1.91082079E-2	5.54809347E-4
1.98020991E-2	2.78683438E-4
2.08422951E-2	-1.62640754E-5
2.15193368E-2	-1.98951253E-4
2.26249732E-2	-5.24145784E-4
2.36568060E-2	-8.19620851E-4
2.42988821E-2	-1.00287143E-3
2.51928717E-2	-1.19563914E-3
2.57041808E-2	-1.44514441E-3
2.65038349E-2	-1.69545354E-3
2.70785168E-2	-1.87790988E-3
2.77253259E-2	-2.14950484E-3
2.86285076E-2	-2.32815975E-3
2.91858260E-2	-2.48740637E-3
3.00363842E-2	-2.72813439E-3
3.07411589E-2	-2.94156955E-3
3.10020950E-2	-3.09040723E-3
3.18724290E-2	-3.34987021E-3
3.26783136E-2	-3.50178126E-3
3.31600830E-2	-3.65035329E-3
3.36735547E-2	-3.89287760E-3
3.44822928E-2	-4.12297715E-3
3.51930335E-2	-4.27126745E-3
3.57265547E-2	-4.50560031E-3
3.64849791E-2	-4.71885782E-3
3.69105227E-2	-4.84058075E-3
3.73014323E-2	-4.99036442E-3
3.81517857E-2	-5.26686152E-3
3.89114283E-2	-5.51047176E-3
3.93670127E-2	-5.68009773E-3
4.00826931E-2	-5.89348795E-3
4.05626185E-2	-6.00663992E-3
4.08467017E-2	-6.11089636E-3
4.11599986E-2	-6.27395138E-3
4.16783802E-2	-6.45629223E-3
4.20937240E-2	-6.58861361E-3
4.29058298E-2	-6.84086513E-3
4.34826426E-2	-7.09278742E-3
4.43495959E-2	-7.17599923E-3
4.48692925E-2	-7.40890903E-3
4.56111394E-2	-7.63454055E-3
4.62586284E-2	-7.76944030E-3
4.66381796E-2	-7.90053327E-3
4.70298678E-2	-8.10067356E-3
4.75949384E-2	-8.26580636E-3
4.79652323E-2	-8.39571934E-3
4.87625934E-2	-8.54596030E-3
4.95956354E-2	-8.87886249E-3
4.98764142E-2	-8.97214096E-3
5.09087294E-2	-9.26103629E-3
5.17629273E-2	-9.51747783E-3
5.23910448E-2	-9.69805848E-3
5.35519049E-2	-1.00127915E-2
5.42899556E-2	-1.02147041E-2
5.53307608E-2	-1.04036508E-2
5.58919348E-2	-1.06478436E-2
5.65087721E-2	-1.08118709E-2
5.68522811E-2	-1.09191537E-2
5.72887175E-2	-1.10437274E-2
5.80583438E-2	-1.12324739E-2
5.89233674E-2	-1.14462320E-2
5.94770983E-2	-1.15774237E-2
5.99965975E-2	-1.17656980E-2
6.07173592E-2	-1.19411331E-2
6.11445010E-2	-1.20485891E-2
6.18436262E-2	-1.22287907E-2
6.27072752E-2	-1.23561947E-2
6.33086786E-2	-1.24795353E-2
6.39826134E-2	-1.26932608E-2
6.51249513E-2	-1.29102115E-2
6.62452132E-2	-1.29830884E-2
6.66395351E-2	-1.32125197E-2
6.78728968E-2	-1.34208547E-2
6.89569563E-2	-1.35474456E-2
6.96201622E-2	-1.36739220E-2
7.06921592E-2	-1.39234429E-2
7.13945553E-2	-1.40419817E-2
7.22252503E-2	-1.42044928E-2
7.41908625E-2	-1.44840013E-2
7.61476681E-2	-1.47498380E-2
7.74433985E-2	-1.49219893E-2
7.90141299E-2	-1.50433648E-2
7.95805454E-2	-1.52203413E-2
8.06109086E-2	-1.52654322E-2
8.12890232E-2	-1.53923640E-2
8.24308023E-2	-1.55173913E-2
8.35098401E-2	-1.55888405E-2
8.42289105E-2	-1.57129727E-2
8.51827189E-2	-1.58660952E-2
8.72902572E-2	-1.59178674E-2
8.78093243E-2	-1.60816405E-2
8.96255150E-2	-1.62366424E-2
9.06691924E-2	-1.63280703E-2
9.17150527E-2	-1.64794158E-2
9.34364721E-2	-1.66208725E-2
9.49910283E-2	-1.67145133E-2
9.59924012E-2	-1.68082714E-2
9.75192338E-2	-1.69414803E-2
9.91398543E-2	-1.70281734E-2
1.00106895E-1	-1.71425808E-2
1.01152584E-1	-1.72448512E-2
1.02715373E-1	-1.73235666E-2
1.04100727E-1	-1.73457116E-2
1.04616418E-1	-1.74142811E-2
1.06165931E-1	-1.74565688E-2
1.07260913E-1	-1.74723137E-2
1.07894465E-1	-1.74946766E-2
1.09017037E-1	-1.75241921E-2
1.09693073E-1	-1.75301451E-2
1.10593885E-1	-1.75502244E-2
1.12513840E-1	-1.75493471E-2
1.14514746E-1	-1.75288580E-2
1.16137311E-1	-1.74273606E-2
1.24125645E-1	-1.72213223E-2
1.24303468E-1	-1.70074124E-2
1.24816336E-1	-1.67125184E-2
1.25313237E-1	-1.61627382E-2
1.26629904E-1	-1.55757349E-2
1.28078103E-1	-1.51183391E-2
1.29206419E-1	-1.46159604E-2
1.30883500E-1	-1.38521874E-2
1.31811157E-1	-1.32986065E-2
1.32743195E-1	-1.23886717E-2
1.34414047E-1	-1.14461593E-2
1.35920122E-1	-1.08294673E-2
1.36856198E-1	-9.91046522E-3
1.38118386E-1	-9.38121974E-3
1.38997778E-1	-8.89800303E-3
1.39662191E-1	-8.17170087E-3
1.40455544E-1	-7.45025417E-3
1.41691953E-1	-7.01468345E-3
1.42872632E-1	-6.32261857E-3
1.44005150E-1	-5.54437656E-3
1.45574614E-1	-5.01441630E-3
1.47452056E-1	-4.35850909E-3
1.48786858E-1	-3.41633591E-3
1.49965614E-1	-2.85738171E-3
1.51877806E-1	-2.25907518E-3
1.53085768E-1	-1.18603336E-3
1.54800192E-1	-7.12736801E-4
1.56274348E-1	-2.83542176E-4
1.57018110E-1	6.83993640E-5
1.57684550E-1	4.68437502E-4
1.58429846E-1	7.18353724E-4
1.59069017E-1	1.12655573E-3
1.60118684E-1	1.50090805E-3
1.61180571E-1	1.74851343E-3
1.61851227E-1	1.99980731E-3
1.63087860E-1	2.38841469E-3
1.64580852E-1	2.81246589E-3
1.65661573E-1	3.12046427E-3
1.66871950E-1	3.56274145E-3
1.68469116E-1	3.92983994E-3
1.69837445E-1	4.04464034E-3
1.70770392E-1	4.39156312E-3
1.72085181E-1	4.72447136E-3
1.73463762E-1	4.96243872E-3
1.74432993E-1	5.33840153E-3
1.75258771E-1	5.56427287E-3
1.76584572E-1	5.76501247E-3
1.76831633E-1	6.00582408E-3
1.77468657E-1	6.19697385E-3
1.78188533E-1	6.32046396E-3
1.78562835E-1	6.46462012E-3
1.79000899E-1	6.58107549E-3
1.79239571E-1	6.63362863E-3
1.79292157E-1	6.66620163E-3
1.79302096E-1	6.70937775E-3
1.79490194E-1	6.78837672E-3
1.79659203E-1	6.83631608E-3
1.80051178E-1	6.97573647E-3
1.81106284E-1	7.27871619E-3
1.82058096E-1	7.39495456E-3
1.83788612E-1	7.97898602E-3
1.85627416E-1	8.27414542E-3
1.86607823E-1	8.50617606E-3
1.87537491E-1	8.87707993E-3
1.88997015E-1	9.23933648E-3
1.90586925E-1	9.50623024E-3
1.91706926E-1	9.91758518E-3
1.93322003E-1	1.03254635E-2
1.94864467E-1	1.04534524E-2
1.95860729E-1	1.08431838E-2
1.97475776E-1	1.12810982E-2
1.99352160E-1	1.15947723E-2
2.00568005E-1	1.20652663E-2
2.01724187E-1	1.24928886E-2
2.03206196E-1	1.26925511E-2
2.03856096E-1	1.29955104E-2
2.05199614E-1	1.32151302E-2
2.06356555E-1	1.34886531E-2
2.06688181E-1	1.36792427E-2
2.08112270E-1	1.39175421E-2
2.08648145E-1	1.40525596E-2
2.09189162E-1	1.42853474E-2
2.10239649E-1	1.45430835E-2
2.11270139E-1	1.48098068E-2
2.12073937E-1	1.50621887E-2
2.13232756E-1	1.55698359E-2
2.15432897E-1	1.61438845E-2
2.17776209E-1	1.63357388E-2
2.19188720E-1	1.68604720E-2
2.20725223E-1	1.72266867E-2
2.21815929E-1	1.74433682E-2
2.22722813E-1	1.78347211E-2
2.24065378E-1	1.81849133E-2
2.25311652E-1	1.82967931E-2
2.26148352E-1	1.86671671E-2
2.27186158E-1	1.89587902E-2
2.28191242E-1	1.91496350E-2
2.28497267E-1	1.94947999E-2
2.30090648E-1	1.98394936E-2
2.31986120E-1	2.03269422E-2
2.33140305E-1	2.06302088E-2
2.34660700E-1	2.09814291E-2
2.34891713E-1	2.10467447E-2
2.34864324E-1	2.10726056E-2
2.34838009E-1	2.11136285E-2
2.34981909E-1	2.13459674E-2
2.35712677E-1	2.14660261E-2
2.37356320E-1	2.21201088E-2
2.39690587E-1	2.27267686E-2
2.41358772E-1	2.31086947E-2
2.43721142E-1	2.35293880E-2
2.46039391E-1	2.43276563E-2
2.47435972E-1	2.47199591E-2
2.49497369E-1	2.50742417E-2
2.51212180E-1	2.55873855E-2
2.52572566E-1	2.59802677E-2
2.54077852E-1	2.66903397E-2
2.56258368E-1	2.73624193E-2
2.58127600E-1	2.77529210E-2
2.59223372E-1	2.83102356E-2
2.60827243E-1	2.88186539E-2
2.63003677E-1	2.92927828E-2
2.64690042E-1	2.98164021E-2
2.67063588E-1	3.05667054E-2
2.69160450E-1	3.10530625E-2
2.69664913E-1	3.16258259E-2
2.71164030E-1	3.20941284E-2
2.72331238E-1	3.23350802E-2
2.73000777E-1	3.25751267E-2
2.73892075E-1	3.29145305E-2
2.74907410E-1	3.33064087E-2
2.75728136E-1	3.36095765E-2
2.77195632E-1	3.39606106E-2
2.78875738E-1	3.45078707E-2
2.79816091E-1	3.48169133E-2
2.81398565E-1	3.53242420E-2
2.82873690E-1	3.58027369E-2
2.83719510E-1	3.61040980E-2
2.85221636E-1	3.66673321E-2
2.86623627E-1	3.71958204E-2
2.87070543E-1	3.75464819E-2
2.88818419E-1	3.82629074E-2
2.90782630E-1	3.89660299E-2
2.92000145E-1	3.94347310E-2
2.93707490E-1	3.99077162E-2
2.94682920E-1	4.05247808E-2
2.95123875E-1	4.06522118E-2
2.95933127E-1	4.10713032E-2
2.96728700E-1	4.14285548E-2
2.97201276E-1	4.16116305E-2
2.97701180E-1	4.18336503E-2
2.98102170E-1	4.20449525E-2
2.98625231E-1	4.21706326E-2
2.98903972E-1	4.22883295E-2
2.99263835E-1	4.24309671E-2
2.99220562E-1	4.24760543E-2
2.99168497E-1	4.25060578E-2
2.99479127E-1	4.26804200E-2
3.00409824E-1	4.28954251E-2
3.01269859E-1	4.31340337E-2
3.02916795E-1	4.36764359E-2
3.04710388E-1	4.42799404E-2
3.05838048E-1	4.46546376E-2
3.06944877E-1	4.52756546E-2
3.08753252E-1	4.57924120E-2
3.09076518E-1	4.61049564E-2
3.10042709E-1	4.64678295E-2
3.11079562E-1	4.69851792E-2
3.11731070E-1	4.73288484E-2
3.12760085E-1	4.78546955E-2
3.13487738E-1	4.82542999E-2
3.13865483E-1	4.84893657E-2
3.14465493E-1	4.86981124E-2
3.14895838E-1	4.89590131E-2
3.15325469E-1	4.92990799E-2
3.16126287E-1	4.95237820E-2
3.16552728E-1	4.98246178E-2
3.17027867E-1	5.00537790E-2
3.17983598E-1	5.02625629E-2
3.18897188E-1	5.06634414E-2
3.19676399E-1	5.11832051E-2
3.21146727E-1	5.15675545E-2
3.22656065E-1	5.20085543E-2
3.23741674E-1	5.29306903E-2
3.24889958E-1	5.31635061E-2
3.26737940E-1	5.39854690E-2
3.28570366E-1	5.47331050E-2
3.29719096E-1	5.52278161E-2
3.31318140E-1	5.57420589E-2
3.32564354E-1	5.63825965E-2
3.33421111E-1	5.70077263E-2
3.34373176E-1	5.74094467E-2
3.36021632E-1	5.79629540E-2
3.36410642E-1	5.84543310E-2
3.37525100E-1	5.86000159E-2
3.38380933E-1	5.92306517E-2
3.39015931E-1	5.97179495E-2
3.40220481E-1	6.01539612E-2
3.41825843E-1	6.06870577E-2
3.42940032E-1	6.14768453E-2
3.44649673E-1	6.20055497E-2
3.45896304E-1	6.26971126E-2
3.46524745E-1	6.31955490E-2
3.47848505E-1	6.35536090E-2
3.49334031E-1	6.41750991E-2
3.50335985E-1	6.47884980E-2
3.51325661E-1	6.51738495E-2
3.52333933E-1	6.56600595E-2
3.52890253E-1	6.60795718E-2
3.53909820E-1	6.63705170E-2
3.55045050E-1	6.68629557E-2
3.55821848E-1	6.73596561E-2
3.56802195E-1	6.75095841E-2
3.57296795E-1	6.78734034E-2
3.57475311E-1	6.80875778E-2
3.57538104E-1	6.81683123E-2
3.57539654E-1	6.82966858E-2
3.57541114E-1	6.84061125E-2
3.57548773E-1	6.84832484E-2
3.57891768E-1	6.86299503E-2
3.59118372E-1	6.90527409E-2
3.60425055E-1	6.96652532E-2
3.62298608E-1	7.03024343E-2
3.65589172E-1	7.12587908E-2
3.67538512E-1	7.21359774E-2
3.70388657E-1	7.27264658E-2
3.72657567E-1	7.34198242E-2
3.73934805E-1	7.41282776E-2
3.76270175E-1	7.46469051E-2
3.78358394E-1	7.53650218E-2
3.79693806E-1	7.60676339E-2
3.81625563E-1	7.62806907E-2
3.82517606E-1	7.68387243E-2
3.83425295E-1	7.73560926E-2
3.84780496E-1	7.76525885E-2
3.86329651E-1	7.82678425E-2
3.87497514E-1	7.88434148E-2
3.89480263E-1	7.92762339E-2
3.91808927E-1	8.00125748E-2
3.93166959E-1	8.06581303E-2
3.95414948E-1	8.10815394E-2
3.96679550E-1	8.15063044E-2
3.98501158E-1	8.20849985E-2
3.99876356E-1	8.24880600E-2
4.02046472E-1	8.31605718E-2
4.04048800E-1	8.37663561E-2
4.05295610E-1	8.41445848E-2
4.07071710E-1	8.45490247E-2
4.08908725E-1	8.51665363E-2
4.10255551E-1	8.57581869E-2
4.11544383E-1	8.61331299E-2
4.13176447E-1	8.65660608E-2
4.14024264E-1	8.68020728E-2
4.15199190E-1	8.71409029E-2
4.16155636E-1	8.74595568E-2
4.16745275E-1	8.76405016E-2
4.17563766E-1	8.78005177E-2
4.18145925E-1	8.80047306E-2
4.18491900E-1	8.81422460E-2
4.18791592E-1	8.82140025E-2
4.18959677E-1	8.82805511E-2
4.18984205E-1	8.82992446E-2
4.18954313E-1	8.83209929E-2
4.18953687E-1	8.83561298E-2
4.18933302E-1	8.83850828E-2
4.18955177E-1	8.84083807E-2
4.18974012E-1	8.84532854E-2
4.19252217E-1	8.87180418E-2
4.20596242E-1	8.90012458E-2
4.22696233E-1	8.96061957E-2
4.24309373E-1	9.03229266E-2
4.26886141E-1	9.07332972E-2
4.28927779E-1	9.13831964E-2
4.30321574E-1	9.20528695E-2
4.32727695E-1	9.24597010E-2
4.33982372E-1	9.30297524E-2
4.35766608E-1	9.33755264E-2
4.36762124E-1	9.37744677E-2
4.37823415E-1	9.40397680E-2
4.39201355E-1	9.45203379E-2
4.40176725E-1	9.47847739E-2
4.41743970E-1	9.50570405E-2
4.43108946E-1	9.55277234E-2
4.44004387E-1	9.59368050E-2
4.45430100E-1	9.62660089E-2
4.46536481E-1	9.68181863E-2
4.47824568E-1	9.71972570E-2
4.49842542E-1	9.75690782E-2
4.51608539E-1	9.81263593E-2
4.52707231E-1	9.86441001E-2
4.54326838E-1	9.89407748E-2
4.56008136E-1	9.94270146E-2
4.57109600E-1	9.98640954E-2
4.58856702E-1	1.00167476E-1
4.60515767E-1	1.00507595E-1
4.61648107E-1	1.01058565E-1
4.62850541E-1	1.01563424E-1
4.64520425E-1	1.01928279E-1
4.65593010E-1	1.02270335E-1
4.67284530E-1	1.02751732E-1
4.69352573E-1	1.03358179E-1
4.70693320E-1	1.03774667E-1
4.73051250E-1	1.04431450E-1
4.74737912E-1	1.04943983E-1
4.76951063E-1	1.05606742E-1
4.78194356E-1	1.05940267E-1
4.79619592E-1	1.06224947E-1
4.80150759E-1	1.06427178E-1
4.80319142E-1	1.06509969E-1
4.80497867E-1	1.06541745E-1
4.80603963E-1	1.06597744E-1
4.80676711E-1	1.06617577E-1
4.80725169E-1	1.06626004E-1
4.80757982E-1	1.06648415E-1
4.80736852E-1	1.06649607E-1
4.80736822E-1	1.06646933E-1
4.80730444E-1	1.06646150E-1
4.80729520E-1	1.06645264E-1
4.80717510E-1	1.06654279E-1
4.80718493E-1	1.06684104E-1
4.80831534E-1	1.06775947E-1
4.81507301E-1	1.06990628E-1
4.82223660E-1	1.07197978E-1
4.83042836E-1	1.07601508E-1
4.84798580E-1	1.08055264E-1
4.86532032E-1	1.08195513E-1
4.87721086E-1	1.08865306E-1
4.89496857E-1	1.09140158E-1
4.90785211E-1	1.09394535E-1
4.91528004E-1	1.09732881E-1
4.92178738E-1	1.09947041E-1
4.93049055E-1	1.10098414E-1
4.93977606E-1	1.10272788E-1
4.94621068E-1	1.10524774E-1
4.95524466E-1	1.10791609E-1
4.96481955E-1	1.10997066E-1
4.97104347E-1	1.11262366E-1
4.98065263E-1	1.11434303E-1
4.98944879E-1	1.11691751E-1
4.99207675E-1	1.11883968E-1
4.99892265E-1	1.11993760E-1
5.00435472E-1	1.12150744E-1
5.00730455E-1	1.12299517E-1
5.01322448E-1	1.12435132E-1
5.02058446E-1	1.12688854E-1
5.02615273E-1	1.12962261E-1
5.03532827E-1	1.13136746E-1
5.04293025E-1	1.13340907E-1
5.04499316E-1	1.13485582E-1
5.05092502E-1	1.13570563E-1
5.05637825E-1	1.13661230E-1
5.05989373E-1	1.13849193E-1
5.06522179E-1	1.13944069E-1
5.07082522E-1	1.14064232E-1
5.07438779E-1	1.14234991E-1
5.07991016E-1	1.14389338E-1
5.08351207E-1	1.14494741E-1
5.08816659E-1	1.14629813E-1
5.09145439E-1	1.14755332E-1
5.09637654E-1	1.14853799E-1
5.10137320E-1	1.14997312E-1
5.10490179E-1	1.15160882E-1
5.11072993E-1	1.15271077E-1
5.11561334E-1	1.15422457E-1
5.11903107E-1	1.15570165E-1
5.12287796E-1	1.15611099E-1
5.12697160E-1	1.15757167E-1
5.13033330E-1	1.15913384E-1
5.13370752E-1	1.16009049E-1
5.13986766E-1	1.16188936E-1
5.14378130E-1	1.16338588E-1
5.14899850E-1	1.16424955E-1
5.15291333E-1	1.16502583E-1
5.15529633E-1	1.16660297E-1
5.15781164E-1	1.16702810E-1
5.16138792E-1	1.16865404E-1
5.16404867E-1	1.17002264E-1
5.16745806E-1	1.17073759E-1
5.16960800E-1	1.17143214E-1
5.17011285E-1	1.17155217E-1
5.17008781E-1	1.17162064E-1
5.16973495E-1	1.17156319E-1
5.16972780E-1	1.17154986E-1
5.16976595E-1	1.17155887E-1
5.16979873E-1	1.17161065E-1
5.16985238E-1	1.17165901E-1
5.16983688E-1	1.17174007E-1
5.17030120E-1	1.17194764E-1
5.17205954E-1	1.17357641E-1
5.18167555E-1	1.17654957E-1
5.19132555E-1	1.17947772E-1
5.21058381E-1	1.18475363E-1
5.22444546E-1	1.18918777E-1
5.24020016E-1	1.19050369E-1
5.25141656E-1	1.19460784E-1
5.25716126E-1	1.19541638E-1
5.26608229E-1	1.20288186E-1
5.27504027E-1	1.20371960E-1
5.28185129E-1	1.20480232E-1
5.29096425E-1	1.20685898E-1
5.29629827E-1	1.20925143E-1
5.30169427E-1	1.21103749E-1
5.31316698E-1	1.21326454E-1
5.32745898E-1	1.21788599E-1
5.33773839E-1	1.22254141E-1
5.35326779E-1	1.22551717E-1
5.36465347E-1	1.22897580E-1
5.36966383E-1	1.23114333E-1
5.37694752E-1	1.23269349E-1
5.38413405E-1	1.23524085E-1
5.39009929E-1	1.23830937E-1
5.39807677E-1	1.23938799E-1
5.40893316E-1	1.24264382E-1
5.41601717E-1	1.24542490E-1
5.42560101E-1	1.24692068E-1
5.43284416E-1	1.24902360E-1
5.43658316E-1	1.25043213E-1
5.44081986E-1	1.25111163E-1
5.44344604E-1	1.25189528E-1
5.44468403E-1	1.25258133E-1
5.44645131E-1	1.25312462E-1
5.45022547E-1	1.25416398E-1
5.45382917E-1	1.25574589E-1
5.45625925E-1	1.25672296E-1
5.45991480E-1	1.25834569E-1
5.46381772E-1	1.25964269E-1
5.46739995E-1	1.26064837E-1
5.47474623E-1	1.26287639E-1
5.48269391E-1	1.26522020E-1
5.48857749E-1	1.26688629E-1
5.49853921E-1	1.26997545E-1
5.51002085E-1	1.27217129E-1
5.51879048E-1	1.27575308E-1
5.53248644E-1	1.27839357E-1
5.54494560E-1	1.28199786E-1
5.55246353E-1	1.28506988E-1
5.55934191E-1	1.28695577E-1
5.56745887E-1	1.28857121E-1
5.57177424E-1	1.29050761E-1
5.57778001E-1	1.29158959E-1
5.58262229E-1	1.29331037E-1
5.58604777E-1	1.29476264E-1
5.59100032E-1	1.29576802E-1
5.59534311E-1	1.29730880E-1
5.59820354E-1	1.29859462E-1
5.60309589E-1	1.29967555E-1
5.60936451E-1	1.30188450E-1
5.61446428E-1	1.30343318E-1
5.62313378E-1	1.30522057E-1
5.63231170E-1	1.30833492E-1
5.63852668E-1	1.31131634E-1
5.64897358E-1	1.31336644E-1
5.65865040E-1	1.31639779E-1
5.66436529E-1	1.31886527E-1
5.67235887E-1	1.32042781E-1
5.67915857E-1	1.32275105E-1
5.68411171E-1	1.32510170E-1
5.69081306E-1	1.32632211E-1
5.69466889E-1	1.32793099E-1
5.69916070E-1	1.32902905E-1
5.70158184E-1	1.32965386E-1
5.70586860E-1	1.33113742E-1
5.70790410E-1	1.33258447E-1
5.71113288E-1	1.33332238E-1
5.71381152E-1	1.33407384E-1
5.71439385E-1	1.33472592E-1
5.71614385E-1	1.33506671E-1
5.71709573E-1	1.33522719E-1
5.71723402E-1	1.33525699E-1
5.71714997E-1	1.33517638E-1
5.71681201E-1	1.33511961E-1
5.71657896E-1	1.33507043E-1
5.71627557E-1	1.33511215E-1
5.71627021E-1	1.33511677E-1
5.71682096E-1	1.33545130E-1
5.71963310E-1	1.33735538E-1
5.73026776E-1	1.33955359E-1
5.74582815E-1	1.34429768E-1
5.75987399E-1	1.35035917E-1
5.78133047E-1	1.35420159E-1
5.80075502E-1	1.35964274E-1
5.81312597E-1	1.36463925E-1
5.82870603E-1	1.36750296E-1
5.84045768E-1	1.37107462E-1
5.84819078E-1	1.37439340E-1
5.85740149E-1	1.37611985E-1
5.86341798E-1	1.37807861E-1
5.86704254E-1	1.37961313E-1
5.86940169E-1	1.38033316E-1
5.87215722E-1	1.38102144E-1
5.87486207E-1	1.38254389E-1
5.88087857E-1	1.38363898E-1
5.88746905E-1	1.38568908E-1
5.89175701E-1	1.38754755E-1
5.89713573E-1	1.38838515E-1
5.90086639E-1	1.38947532E-1
5.90269446E-1	1.39042124E-1
5.90505838E-1	1.39061555E-1
5.90651512E-1	1.39113516E-1
5.90721965E-1	1.39140084E-1
5.90774536E-1	1.39152616E-1
5.90872288E-1	1.39186502E-1
5.90950906E-1	1.39216572E-1
5.91037989E-1	1.39232635E-1
5.91088116E-1	1.39246315E-1
5.91085017E-1	1.39245749E-1
5.91091037E-1	1.39245793E-1
5.91136754E-1	1.39259517E-1
5.91187835E-1	1.39296114E-1
5.91329694E-1	1.39322698E-1
5.91456473E-1	1.39357716E-1
5.91522396E-1	1.39379129E-1
5.91569602E-1	1.39380440E-1
5.91567874E-1	1.39381066E-1
5.91568649E-1	1.39380351E-1
5.91515064E-1	1.39363095E-1
5.91423154E-1	1.39341950E-1
5.91352582E-1	1.39331907E-1
5.91238379E-1	1.39321953E-1
5.91239691E-1	1.39327258E-1
5.91230690E-1	1.39332876E-1
5.91232538E-1	1.39334276E-1
5.91235995E-1	1.39335632E-1
5.91239512E-1	1.39336213E-1
5.91242135E-1	1.39337122E-1
5.91245413E-1	1.39337927E-1
5.91249526E-1	1.39338076E-1
5.91250002E-1	1.39339909E-1
5.91251254E-1	1.39341548E-1
5.91250122E-1	1.39342681E-1
5.91255426E-1	1.39345676E-1
5.91294169E-1	1.39344007E-1
5.91265976E-1	1.39336526E-1
5.91263115E-1	1.39335781E-1
5.91259181E-1	1.39334962E-1
5.91219783E-1	1.39343023E-1
5.91245234E-1	1.39344886E-1
5.91248274E-1	1.39344603E-1
5.91247201E-1	1.39345542E-1
5.91248214E-1	1.39349580E-1
5.91183484E-1	1.39336571E-1
5.90784609E-1	1.39215454E-1
5.90420306E-1	1.39060050E-1
5.89803994E-1	1.38946474E-1
5.89201987E-1	1.38778076E-1
5.88843703E-1	1.38570115E-1
5.88102937E-1	1.38496414E-1
5.87049067E-1	1.38205856E-1
5.86362302E-1	1.37859672E-1
5.85438609E-1	1.37781441E-1
5.84685504E-1	1.37544215E-1
5.83944440E-1	1.37217656E-1
5.82484424E-1	1.36958465E-1
5.81012726E-1	1.36554897E-1
5.80057800E-1	1.36222631E-1
5.79064012E-1	1.36065334E-1
5.78135490E-1	1.35779470E-1
5.77296734E-1	1.35444611E-1
5.76450348E-1	1.35234743E-1
5.75245261E-1	1.34871900E-1
5.74246526E-1	1.34473801E-1
5.72563410E-1	1.34191304E-1
5.70723057E-1	1.33641750E-1
5.69328189E-1	1.33162275E-1
5.67481577E-1	1.32829845E-1
5.65340459E-1	1.32194802E-1
5.63912034E-1	1.31848767E-1
5.62017441E-1	1.31512567E-1
5.60581923E-1	1.31071389E-1
5.59932888E-1	1.30800873E-1
5.58788180E-1	1.30598813E-1
5.57930529E-1	1.30232573E-1
5.56447089E-1	1.29833102E-1
5.55335402E-1	1.29582465E-1
5.53966582E-1	1.29220665E-1
5.53144097E-1	1.28994465E-1
5.51883042E-1	1.28685385E-1
5.50903141E-1	1.28496736E-1
5.50190985E-1	1.28144100E-1
5.48546076E-1	1.27681702E-1
5.46786666E-1	1.27359271E-1
5.45619130E-1	1.26898184E-1
5.43876648E-1	1.26501635E-1
5.42627454E-1	1.26281753E-1
5.41869700E-1	1.25955969E-1
5.40503323E-1	1.25604406E-1
5.39414227E-1	1.25420719E-1
5.38831413E-1	1.25154659E-1
5.37627697E-1	1.24848984E-1
5.36333501E-1	1.24612629E-1
5.35372138E-1	1.24200948E-1
5.34262598E-1	1.23811930E-1
5.32831430E-1	1.23560846E-1
5.31585813E-1	1.23303197E-1
5.30572176E-1	1.22884668E-1
5.28942049E-1	1.22591771E-1
5.27201951E-1	1.22101158E-1
5.26020348E-1	1.21674821E-1
5.24526179E-1	1.21426105E-1
5.23152411E-1	1.21040650E-1
5.22291660E-1	1.20734043E-1
5.21256864E-1	1.20562650E-1
5.20331025E-1	1.20295018E-1
5.19686759E-1	1.20058477E-1
5.18622160E-1	1.19877130E-1
5.17750144E-1	1.19511485E-1
5.16811550E-1	1.19177751E-1
5.15524149E-1	1.18972734E-1
5.14370024E-1	1.18643589E-1
5.13620377E-1	1.18335083E-1
5.12172997E-1	1.18050434E-1
5.10095000E-1	1.17404222E-1
5.08503795E-1	1.16998591E-1
5.06335616E-1	1.16619751E-1
5.04600525E-1	1.16063446E-1
5.03483236E-1	1.15662925E-1
5.02059162E-1	1.15411386E-1
5.00463903E-1	1.14949711E-1
4.99341816E-1	1.14515267E-1
4.97537613E-1	1.14200324E-1
4.95527446E-1	1.13641702E-1
4.94264632E-1	1.13182463E-1
4.92509067E-1	1.12894431E-1
4.90959376E-1	1.12458371E-1
4.89938498E-1	1.12195820E-1
4.88433123E-1	1.11807324E-1
4.87480044E-1	1.11531429E-1
4.86453056E-1	1.11053728E-1
4.83652025E-1	1.10474609E-1
4.82090056E-1	1.10032298E-1
4.80435222E-1	1.09343827E-1
4.77825046E-1	1.08737551E-1
4.75680441E-1	1.08339988E-1
4.74186599E-1	1.07750356E-1
4.71924782E-1	1.07210591E-1
4.69831586E-1	1.06831998E-1
4.68439788E-1	1.06293775E-1
4.66297507E-1	1.05796143E-1
4.65101242E-1	1.05490960E-1
4.63549316E-1	1.05115920E-1
4.62154180E-1	1.04805104E-1
4.61332202E-1	1.04565710E-1
4.59709108E-1	1.04056276E-1
4.58085120E-1	1.03361115E-1
4.55301404E-1	1.02879331E-1
4.52726781E-1	1.02191858E-1
4.50993150E-1	1.01600163E-1
4.48852181E-1	1.01235010E-1
4.46543783E-1	9.95600447E-2
4.44755465E-1	9.94252488E-2
4.42032069E-1	9.90969017E-2
4.39457059E-1	9.87939984E-2
4.37695801E-1	9.81367379E-2
4.35751140E-1	9.73674580E-2
4.32795674E-1	9.67869312E-2
4.30598885E-1	9.58336592E-2
4.26980197E-1	9.49994624E-2
4.22749996E-1	9.44355056E-2
4.21717465E-1	9.39006582E-2
4.18633968E-1	9.31844488E-2
4.16077793E-1	9.27464366E-2
4.14519489E-1	9.20957178E-2
4.11925375E-1	9.14500654E-2
4.09449130E-1	9.10156518E-2
4.07562912E-1	9.02559683E-2
4.04659420E-1	8.95236805E-2
4.01717156E-1	8.90005082E-2
3.99475396E-1	8.80346596E-2
3.95477355E-1	8.70185792E-2
3.91855478E-1	8.64128023E-2
3.89707625E-1	8.55596811E-2
3.86686563E-1	8.49061534E-2
3.84693831E-1	8.45762417E-2
3.83461475E-1	8.40836018E-2
3.82039428E-1	8.36379975E-2
3.80346209E-1	8.33496824E-2
3.79104823E-1	8.28516558E-2
3.77087086E-1	8.23995173E-2
3.75304103E-1	8.20885748E-2
3.73899758E-1	8.14609155E-2
3.71305376E-1	8.07174593E-2
3.68355423E-1	8.04502442E-2
3.66212666E-1	7.95439258E-2
3.62795442E-1	7.86969438E-2
3.59797835E-1	7.81804696E-2
3.57917517E-1	7.74461329E-2
3.55322897E-1	7.68027008E-2
3.52367312E-1	7.62761831E-2
3.50088775E-1	7.56535903E-2
3.47431779E-1	7.45348334E-2
3.42858821E-1	7.33887702E-2
3.38770688E-1	7.26904944E-2
3.36161077E-1	7.17216134E-2
3.32604945E-1	7.08885491E-2
3.29293609E-1	7.03303367E-2
3.27335715E-1	6.96406588E-2
3.24769944E-1	6.89611211E-2
3.22162837E-1	6.87246323E-2
3.20674658E-1	6.81025460E-2
3.18311334E-1	6.74764886E-2
3.15759450E-1	6.70387819E-2
3.13809395E-1	6.62550107E-2
3.10522646E-1	6.54057339E-2
3.06995660E-1	6.47990927E-2
3.05035114E-1	6.40809238E-2
3.03042918E-1	6.36229515E-2
3.01333785E-1	6.33339137E-2
2.99897760E-1	6.27173334E-2
2.96696484E-1	6.18157499E-2
2.92428136E-1	6.10868894E-2
2.89034426E-1	5.97241521E-2
2.82957137E-1	5.81539460E-2
2.75783479E-1	5.69551103E-2
2.70197183E-1	5.48436083E-2
2.61982799E-1	5.30056730E-2
2.57740796E-1	5.20928949E-2
2.54794270E-1	5.13128191E-2
2.52546698E-1	5.11004999E-2
2.52257854E-1	5.10872714E-2
2.52252132E-1	5.10795414E-2
2.52228469E-1	5.10663018E-2
2.52194375E-1	5.10602929E-2
2.52189994E-1	5.10532111E-2
2.52177536E-1	5.10494895E-2
2.52185166E-1	5.10487668E-2
2.52187014E-1	5.10475002E-2
2.52193809E-1	5.10463640E-2
2.52202332E-1	5.10475039E-2
2.52204657E-1	5.10485657E-2
2.52207518E-1	5.10508195E-2
2.52208769E-1	5.10517806E-2
2.52209336E-1	5.10512777E-2
2.52211213E-1	5.10513037E-2
2.52210766E-1	5.10510765E-2
2.52210945E-1	5.10485768E-2
2.52193540E-1	5.10341749E-2
2.52085805E-1	5.10243028E-2
2.51977056E-1	5.09594232E-2
2.51186848E-1	5.06959669E-2
2.49693766E-1	5.04308604E-2
2.48296291E-1	4.98460867E-2
2.45433614E-1	4.91440706E-2
2.42932603E-1	4.87468578E-2
2.41165400E-1	4.80590388E-2
2.38259256E-1	4.73647267E-2
2.35222444E-1	4.68463562E-2
2.32675165E-1	4.58649099E-2
2.28524059E-1	4.48715612E-2
2.24534526E-1	4.42163050E-2
2.21914440E-1	4.31348868E-2
2.17203692E-1	4.19567488E-2
2.12407440E-1	4.11565043E-2
2.09042832E-1	3.98052260E-2
2.03895032E-1	3.90404388E-2
1.99800342E-1	3.80538069E-2
1.97578952E-1	3.73044424E-2
1.95070192E-1	3.68549936E-2
1.93343163E-1	3.66127044E-2
1.92357719E-1	3.61276343E-2
1.89888358E-1	3.57097648E-2
1.86860353E-1	3.49325426E-2
1.84567556E-1	3.43579426E-2
1.81201413E-1	3.35705392E-2
1.78217888E-1	3.27788368E-2
1.76007599E-1	3.21419276E-2
1.71168685E-1	3.08358986E-2
1.65345490E-1	2.93393806E-2
1.61213353E-1	2.82342378E-2
1.53596207E-1	2.62792222E-2
1.45240963E-1	2.40667723E-2
1.38809845E-1	2.23745424E-2
1.28600553E-1	2.01342292E-2
1.21377535E-1	1.86373647E-2
1.18139505E-1	1.80284251E-2
1.15565486E-1	1.76161863E-2
1.14237070E-1	1.73818208E-2
1.14005603E-1	1.72844157E-2
1.13651544E-1	1.72222052E-2
1.13599308E-1	1.72087662E-2
1.13565534E-1	1.71995070E-2
1.13526277E-1	1.71856042E-2
1.13473162E-1	1.71714351E-2
1.13459893E-1	1.71690844E-2
1.13467410E-1	1.71644706E-2
1.13447674E-1	1.71541665E-2
1.13373615E-1	1.70292258E-2
1.11712769E-1	1.65091828E-2
1.08997695E-1	1.57773681E-2
1.06735162E-1	1.51266940E-2
9.69234630E-2	1.40638445E-2
9.55404565E-2	1.30122127E-2
9.39207599E-2	1.22271264E-2
9.04201046E-2	1.10947108E-2
8.60483497E-2	9.98347718E-3
8.30128863E-2	9.13802162E-3
7.80196339E-2	7.85614364E-3
7.32261240E-2	6.64856844E-3
7.03500435E-2	5.92342392E-3
6.77521452E-2	5.06100478E-3
6.46139756E-2	4.28735791E-3
6.14594072E-2	3.69446352E-3
5.92652410E-2	2.80419551E-3
5.59423491E-2	1.92506763E-3
5.32292947E-2	1.43715378E-3
5.17025776E-2	7.73263746E-4
4.82903682E-2	-2.82500114E-4
4.37634811E-2	-1.20476051E-3
3.99596430E-2	-2.95549165E-3
3.31028216E-2	-4.99491859E-3
2.60136537E-2	-6.47993153E-3
2.07608845E-2	-8.04031733E-3
1.34729380E-2	-1.06851123E-2
9.72151291E-3	-1.11881187E-2
6.99430704E-3	-1.23730917E-2
4.43366682E-3	-1.26188220E-2
3.18745337E-3	-1.28062284E-2
2.56509287E-3	-1.30379675E-2
1.85799319E-3	-1.31555563E-2
1.58023462E-3	-1.32065387E-2
1.39601075E-3	-1.32698016E-2
1.19183795E-3	-1.33113712E-2
1.06560718E-3	-1.33398632E-2
9.80475801E-4	-1.33820791E-2
8.53970880E-4	-1.34143261E-2
8.41350062E-4	-1.34242726E-2
8.39740096E-4	-1.34325689E-2
8.39282235E-4	-1.34427277E-2
8.37599335E-4	-1.34452861E-2
8.38467677E-4	-1.34519273E-2
8.40813620E-4	-1.34572973E-2
8.41548550E-4	-1.34612462E-2
8.42048263E-4	-1.34669365E-2
8.40944820E-4	-1.34735191E-2
8.38650274E-4	-1.34776738E-2
8.38057254E-4	-1.34823127E-2
8.37872969E-4	-1.34865241E-2
8.36056133E-4	-1.34884473E-2
8.36135237E-4	-1.34916240E-2
8.35402054E-4	-1.34940026E-2
8.35510029E-4	-1.34954294E-2
8.35758750E-4	-1.34984516E-2
8.35393032E-4	-1.35018518E-2
8.36501538E-4	-1.35036316E-2
8.36480060E-4	-1.35089876E-2
8.37037456E-4	-1.35122277E-2
8.38286767E-4	-1.35138417E-2
8.38684151E-4	-1.35160144E-2
8.40544002E-4	-1.35172438E-2
8.40606168E-4	-1.35187153E-2
8.41312227E-4	-1.35210082E-2
8.40589812E-4	-1.35250716E-2
8.39281129E-4	-1.35255400E-2
8.39362503E-4	-1.35262460E-2
8.38423555E-4	-1.35288481E-2
8.38344975E-4	-1.35300206E-2
8.37980944E-4	-1.35332393E-2
8.37461441E-4	-1.35390619E-2
8.36958876E-4	-1.35424696E-2
8.37112078E-4	-1.35498242E-2
8.37820291E-4	-1.35581978E-2
8.39362328E-4	-1.35589223E-2
8.38924665E-4	-1.35584921E-2
8.38034204E-4	-1.35569181E-2
8.37196480E-4	-1.35559812E-2
8.36759515E-4	-1.35567933E-2
8.37095256E-4	-1.35586187E-2
8.37657717E-4	-1.35567300E-2
8.38448585E-4	-1.35566937E-2
8.38948879E-4	-1.35585861E-2
8.38800217E-4	-1.35631049E-2
8.39141663E-4	-1.35693960E-2
8.39147891E-4	-1.35733150E-2
8.39525484E-4	-1.35739716E-2
8.38650391E-4	-1.35717327E-2
8.38237174E-4	-1.35710295E-2
8.38742009E-4	-1.35706896E-2
8.42896348E-4	-1.35710174E-2
8.45043920E-4	-1.35583393E-2
6.55168726E-4	-1.35772424E-2
3.17474216E-4	-1.36066889E-2
2.33177765E-4	-1.36388158E-2
4.77539015E-6	-1.36689115E-2
4.56340422E-6	-1.36712547E-2
4.52044151E-6	-1.36730848E-2
4.37402969E-6	-1.36746746E-2
4.18182890E-6	-1.36769731E-2
4.22253061E-6	-1.36789847E-2
4.11908104E-6	-1.36794979E-2
4.09420818E-6	-1.36799486E-2
4.13264843E-6	-1.36805307E-2
4.07046582E-6	-1.36815561E-2
4.15299883E-6	-1.36832101E-2
4.05463788E-6	-1.36847124E-2
3.77368747E-6	-1.36858691E-2
3.68832912E-6	-1.36872027E-2
3.59731825E-6	-1.36884926E-2
3.61540856E-6	-1.36891278E-2
3.63236745E-6	-1.36896707E-2
3.57979479E-6	-1.36942500E-2
3.55774819E-6	-1.36967096E-2
3.61258208E-6	-1.37010412E-2
3.61766956E-6	-1.37045207E-2
3.73016360E-6	-1.37048578E-2
3.77764854E-6	-1.37063134E-2
3.59110072E-6	-1.37078650E-2
3.44581940E-6	-1.37083074E-2
3.30562580E-6	-1.37089929E-2
3.31240926E-6	-1.37097631E-2
3.46334355E-6	-1.37100946E-2
3.31184401E-6	-1.37105202E-2
3.34293532E-6	-1.37111424E-2
3.40059569E-6	-1.37113733E-2
3.51535095E-6	-1.37125012E-2
3.46390880E-6	-1.37138218E-2
3.37741858E-6	-1.37153128E-2
3.18521757E-6	-1.37162535E-2
3.10381483E-6	-1.37163717E-2
3.16882392E-6	-1.37166148E-2
3.17504214E-6	-1.37171382E-2
3.25531437E-6	-1.37183154E-2
3.19087053E-6	-1.37196584E-2
3.18634807E-6	-1.37207340E-2
3.09194365E-6	-1.37215853E-2
3.03202205E-6	-1.37220100E-2
3.06876655E-6	-1.37220537E-2
3.11568601E-6	-1.37226395E-2
3.15186549E-6	-1.37232766E-2
3.13547207E-6	-1.37237059E-2
3.08855306E-6	-1.37242591E-2
2.98284272E-6	-1.37246428E-2
2.99245312E-6	-1.37253525E-2
3.17843569E-6	-1.37257660E-2
3.17560921E-6	-1.37246633E-2
3.17391323E-6	-1.37285879E-2
3.17391323E-6	-1.37298973E-2
3.11060012E-6	-1.37303360E-2
3.08290055E-6	-1.37312645E-2
3.20443928E-6	-1.37292081E-2
3.36272251E-6	-1.37292519E-2
3.23213885E-6	-1.37304235E-2
3.02863191E-6	-1.37310941E-2
2.90370144E-6	-1.37310242E-2
2.83360464E-6	-1.37298414E-2
3.04672153E-6	-1.37291858E-2
3.05293975E-6	-1.37305716E-2
2.89069953E-6	-1.37380483E-2
2.92122559E-6	-1.37407212E-2
2.81212328E-6	-1.37412986E-2
2.91105016E-6	-1.37405749E-2
3.03767683E-6	-1.37374373E-2
3.12190605E-6	-1.37387458E-2
3.18974162E-6	-1.37400022E-2
3.15186685E-6	-1.37395849E-2
3.00884653E-6	-1.37395374E-2
2.96588405E-6	-1.37367398E-2
2.75163643E-6	-1.37373526E-2
2.75672414E-6	-1.37379356E-2
2.74259173E-6	-1.37417540E-2
2.78329321E-6	-1.37422765E-2
2.90822413E-6	-1.37424543E-2
2.90709454E-6	-1.37436660E-2
2.89918148E-6	-1.37456143E-2
2.73637670E-6	-1.37458788E-2
2.60918523E-6	-1.37466062E-2
2.72394050E-6	-1.37464609E-2
2.78273137E-6	-1.37466937E-2
2.68380450E-6	-1.37495724E-2
2.84774069E-6	-1.37508027E-2
2.77764366E-6	-1.37527594E-2
2.79799451E-6	-1.37545196E-2
2.70867758E-6	-1.37552246E-2
2.62275239E-6	-1.37561103E-2
-6.63211031E-5	-1.37765529E-2
-4.15588205E-4	-1.38182268E-2
-6.44991582E-4	-1.38419718E-2
-9.87515785E-4	-1.38850724E-2
-1.10612169E-3	-1.38821444E-2
-1.06093450E-3	-1.38793821E-2
-9.95959621E-4	-1.38781592E-2
-9.34109732E-4	-1.38748381E-2
-9.14459350E-4	-1.38804344E-2
-9.31172981E-4	-1.38829611E-2
-9.34140815E-4	-1.38856638E-2
-9.35399730E-4	-1.38871707E-2
-9.38376063E-4	-1.38887400E-2
-9.03035805E-4	-1.38865383E-2
-8.73410201E-4	-1.38861015E-2
-8.28810909E-4	-1.38854999E-2
-7.98653928E-4	-1.38871577E-2
-7.91067607E-4	-1.38878673E-2
-7.91485363E-4	-1.38877481E-2
-7.91577506E-4	-1.38877723E-2
-7.92409061E-4	-1.38879633E-2
-7.93354819E-4	-1.38886943E-2
-7.93610350E-4	-1.38903344E-2
-7.94978987E-4	-1.38919875E-2
-7.95378059E-4	-1.38937188E-2
-7.97055312E-4	-1.38959084E-2
-7.98089837E-4	-1.38971135E-2
-7.98500783E-4	-1.38979331E-2
-8.00084206E-4	-1.38982022E-2
-8.01020884E-4	-1.38974125E-2
-8.00729787E-4	-1.38956923E-2
-8.00485548E-4	-1.38954073E-2
-8.04776151E-4	-1.38955759E-2
-8.08470417E-4	-1.38974749E-2
-8.14300322E-4	-1.38989417E-2
-8.38474778E-4	-1.39023419E-2
-8.89238610E-4	-1.39166955E-2
-1.02447171E-3	-1.39331045E-2
-1.17736193E-3	-1.39455153E-2
-1.30207755E-3	-1.39682172E-2
-1.47681206E-3	-1.39854606E-2
-1.61341880E-3	-1.39964158E-2
-1.75028900E-3	-1.40267070E-2
-2.06163968E-3	-1.40572554E-2
-2.34037917E-3	-1.40773179E-2
-2.52296217E-3	-1.41082220E-2
-2.80317967E-3	-1.41370296E-2
-3.22660268E-3	-1.41758975E-2
-3.63576435E-3	-1.42551214E-2
-4.35566436E-3	-1.43406689E-2
-5.05621219E-3	-1.43958675E-2
-5.43838181E-3	-1.44822970E-2
-6.33049337E-3	-1.45945223E-2
-7.28128245E-3	-1.46728465E-2
-8.00462067E-3	-1.48163978E-2
-9.26170312E-3	-1.49420183E-2
-1.02861654E-2	-1.50210001E-2
-1.09936232E-2	-1.51459407E-2
-1.20518468E-2	-1.52523573E-2
-1.29860528E-2	-1.53248711E-2
-1.36585375E-2	-1.54383313E-2
-1.46296583E-2	-1.55383637E-2
-1.54872108E-2	-1.56015158E-2
-1.60605554E-2	-1.56883430E-2
-1.68576613E-2	-1.57665536E-2
-1.76690239E-2	-1.58204455E-2
-1.81163475E-2	-1.58864316E-2
-1.87271461E-2	-1.59423556E-2
-1.92676801E-2	-1.59771256E-2
-1.96420848E-2	-1.60285663E-2
-2.02310476E-2	-1.60842668E-2
-2.10237373E-2	-1.61328986E-2
-2.15575136E-2	-1.62175354E-2
-2.25476660E-2	-1.63149945E-2
-2.36030873E-2	-1.63804591E-2
-2.43339054E-2	-1.64869670E-2
-2.57918388E-2	-1.65914595E-2
-2.71604024E-2	-1.66574400E-2
-2.81799529E-2	-1.67658478E-2
-2.92668194E-2	-1.68577451E-2
-3.06172147E-2	-1.69187114E-2
-3.18859182E-2	-1.70117300E-2
-3.27613614E-2	-1.70953572E-2
-3.39568295E-2	-1.71503779E-2
-3.47924940E-2	-1.72438510E-2
-3.63863111E-2	-1.73310041E-2
-3.80004831E-2	-1.73878334E-2
-3.91212292E-2	-1.74706485E-2
-4.08523567E-2	-1.75318606E-2
-4.23883535E-2	-1.75698213E-2
-4.33183014E-2	-1.76190212E-2
-4.46442999E-2	-1.76511519E-2
-4.58661355E-2	-1.76669043E-2
-4.67972793E-2	-1.76959634E-2
-4.84141223E-2	-1.77145079E-2
-5.00567853E-2	-1.77241024E-2
-5.11157773E-2	-1.77184679E-2
-5.27933016E-2	-1.76767167E-2
-5.39592803E-2	-1.76333897E-2
-5.61448969E-2	-1.74785703E-2
-5.80564141E-2	-1.71331316E-2
-6.10765293E-2	-1.68211423E-2
-6.39619306E-2	-1.61822569E-2
-6.56181574E-2	-1.55152306E-2
-6.77913576E-2	-1.49583668E-2
-6.97313994E-2	-1.38869202E-2
-7.09278136E-2	-1.27738789E-2
-7.20098242E-2	-1.20128077E-2
-7.34436437E-2	-1.09140323E-2
-7.43663758E-2	-9.83911380E-3
-7.60282725E-2	-9.05151758E-3
-7.76555091E-2	-7.88226072E-3
-7.86627159E-2	-6.85607083E-3
-8.01907554E-2	-6.27496233E-3
-8.12953338E-2	-5.54251857E-3
-8.19570348E-2	-4.95854532E-3
-8.28488469E-2	-4.62180236E-3
-8.34241733E-2	-4.21370566E-3
-8.38356540E-2	-3.82941868E-3
-8.46171528E-2	-3.57520790E-3
-8.59808996E-2	-2.96915881E-3
-8.70576873E-2	-2.33929651E-3
-8.88550356E-2	-1.89405773E-3
-9.09815729E-2	-1.05792098E-3
-9.24657136E-2	-2.90235825E-4
-9.53807905E-2	3.33831733E-4
-9.84087810E-2	1.35419052E-3
-9.92070362E-2	2.13836250E-3
-1.01513028E-1	2.62802211E-3
-1.03827082E-1	3.38511541E-3
-1.05413496E-1	4.14330466E-3
-1.08221278E-1	4.68824292E-3
-1.10951319E-1	5.25474967E-3
-1.12482972E-1	5.99002885E-3
-1.15099296E-1	6.71128975E-3
-1.15899593E-1	7.18871923E-3
-1.22596361E-1	8.10530502E-3
-1.22991443E-1	8.50629900E-3
-1.24168560E-1	8.95249378E-3
-1.25505984E-1	9.80002619E-3
-1.27875566E-1	1.02540022E-2
-1.29700854E-1	1.07740350E-2
-1.32655486E-1	1.15115773E-2
-1.35510787E-1	1.19976634E-2
-1.37241215E-1	1.26741007E-2
-1.39500067E-1	1.31792426E-2
-1.41002491E-1	1.34321703E-2
-1.41841382E-1	1.38000138E-2
-1.43889606E-1	1.41771808E-2
-1.45038709E-1	1.44706164E-2
-1.46402955E-1	1.50309466E-2
-1.48744822E-1	1.56314000E-2
-1.51186943E-1	1.60438679E-2
-1.53632998E-1	1.66955274E-2
-1.56399414E-1	1.73458122E-2
-1.59016937E-1	1.77830309E-2
-1.59902677E-1	1.85034275E-2
-1.62586287E-1	1.91575456E-2
-1.64958999E-1	1.95926577E-2
-1.66556984E-1	2.02628504E-2
-1.69996008E-1	2.09426880E-2
-1.71696186E-1	2.13864613E-2
-1.73245504E-1	2.20439602E-2
-1.76059216E-1	2.25724783E-2
-1.77063644E-1	2.28570364E-2
-1.78088799E-1	2.34001018E-2
-1.80915698E-1	2.39923559E-2
-1.82233080E-1	2.43662465E-2
-1.83632016E-1	2.49540769E-2
-1.85657129E-1	2.52910815E-2
-1.86283246E-1	2.54836977E-2
-1.86983183E-1	2.58341953E-2
-1.88198641E-1	2.62166262E-2
-1.89692184E-1	2.64926627E-2
-1.90591916E-1	2.69292425E-2
-1.92183763E-1	2.73579881E-2
-1.93444714E-1	2.75980923E-2
-1.94095388E-1	2.79181357E-2
-1.94843963E-1	2.80790702E-2
-1.94989860E-1	2.81316675E-2
-1.94978237E-1	2.81901322E-2
-1.94924593E-1	2.82334965E-2
-1.94900945E-1	2.82686539E-2
-1.94896087E-1	2.83321161E-2
-1.94896191E-1	2.83818021E-2
-1.94896743E-1	2.84099095E-2
-1.94896176E-1	2.84362808E-2
-1.94895744E-1	2.84477174E-2
-1.94894835E-1	2.84543857E-2
-1.94894850E-1	2.84663849E-2
-1.94895104E-1	2.84775645E-2
-1.94932535E-1	2.84926835E-2
-1.95193127E-1	2.86325682E-2
-1.96305454E-1	2.89587993E-2
-1.98182404E-1	2.92656217E-2
-1.99791119E-1	2.99075432E-2
-2.01669872E-1	3.06363069E-2
-2.04607621E-1	3.11431307E-2
-2.07611308E-1	3.20627764E-2
-2.09873006E-1	3.30120623E-2
-2.12884784E-1	3.36061344E-2
-2.15309530E-1	3.44078317E-2
-2.16701731E-1	3.49903069E-2
-2.18380362E-1	3.53315063E-2
-2.20274478E-1	3.59595083E-2
-2.21679598E-1	3.66204381E-2
-2.23791033E-1	3.70742753E-2
-2.25859642E-1	3.78003046E-2
-2.27265030E-1	3.85139287E-2
-2.29702532E-1	3.90390418E-2
-2.32219607E-1	3.99812981E-2
-2.34167472E-1	4.10539284E-2
-2.37385705E-1	4.19065617E-2
-2.40927652E-1	4.34905998E-2
-2.43559346E-1	4.51287255E-2
-2.47284040E-1	4.67521250E-2
-2.50464171E-1	4.78127189E-2
-2.52511084E-1	4.91845235E-2
-2.55561829E-1	5.00663966E-2
-2.58438289E-1	5.14315516E-2
-2.60617018E-1	5.28990962E-2
-2.64139652E-1	5.39931804E-2
-2.67224699E-1	5.56867793E-2
-2.70166755E-1	5.71216531E-2
-2.71664083E-1	5.79158366E-2
-2.73464352E-1	5.89614920E-2
-2.74756759E-1	5.99122830E-2
-2.76556998E-1	6.05062842E-2
-2.78250724E-1	6.14799559E-2
-2.79689878E-1	6.23548105E-2
-2.81625867E-1	6.28737882E-2
-2.83405513E-1	6.35905340E-2
-2.84135818E-1	6.39240965E-2
-2.84440786E-1	6.40953183E-2
-2.84594417E-1	6.43316060E-2
-2.84971714E-1	6.47380278E-2
-2.86138862E-1	6.50904477E-2
-2.87897557E-1	6.58339486E-2
-2.90487707E-1	6.67927042E-2
-2.92410195E-1	6.75285608E-2
-2.95660287E-1	6.88163638E-2
-2.97947168E-1	7.01306015E-2
-3.01292330E-1	7.09714815E-2
-3.04309726E-1	7.22269118E-2
-3.06100368E-1	7.33029917E-2
-3.08641970E-1	7.39911646E-2
-3.11516583E-1	7.51553029E-2
-3.13299567E-1	7.61755556E-2
-3.15956056E-1	7.68150762E-2
-3.18017870E-1	7.76590705E-2
-3.19304973E-1	7.84453079E-2
-3.21867853E-1	7.89982229E-2
-3.24336559E-1	7.97824860E-2
-3.25776815E-1	8.03238675E-2
-3.26896250E-1	8.05177540E-2
-3.27079415E-1	8.06855485E-2
-3.27127427E-1	8.08058605E-2
-3.27202648E-1	8.08692873E-2
-3.27182144E-1	8.09231699E-2
-3.27183843E-1	8.09558555E-2
-3.27185601E-1	8.09806660E-2
-3.27223599E-1	8.10741335E-2
-3.28234583E-1	8.14529359E-2
-3.30520660E-1	8.18920359E-2
-3.32390904E-1	8.27248022E-2
-3.35392237E-1	8.35532695E-2
-3.37532640E-1	8.40014741E-2
-3.38806242E-1	8.46638232E-2
-3.40901792E-1	8.53087530E-2
-3.42215925E-1	8.57094973E-2
-3.43895406E-1	8.62488225E-2
-3.44997436E-1	8.68042558E-2
-3.46981287E-1	8.72003436E-2
-3.49266708E-1	8.79660919E-2
-3.51213992E-1	8.87786672E-2
-3.53930473E-1	8.93186256E-2
-3.56920958E-1	9.02355760E-2
-3.59998196E-1	9.11564082E-2
-3.63267332E-1	9.18463394E-2
-3.65250587E-1	9.28517058E-2
-3.68446559E-1	9.38061103E-2
-3.71440828E-1	9.43934694E-2
-3.73457968E-1	9.53207389E-2
-3.76572818E-1	9.62212756E-2
-3.79858971E-1	9.68685001E-2
-3.82104546E-1	9.79274586E-2
-3.85311574E-1	9.88100693E-2
-3.87756109E-1	9.93259177E-2
-3.89171779E-1	1.00032546E-1
-3.90910298E-1	1.00575678E-1
-3.93703699E-1	1.01153605E-1
-3.95944089E-1	1.02211244E-1
-3.99561703E-1	1.03309713E-1
-4.03134823E-1	1.04023069E-1
-4.05108899E-1	1.04954027E-1
-4.06872332E-1	1.05990551E-1
-4.09931153E-1	1.06333897E-1
-4.13676769E-1	1.07859015E-1
-4.16119695E-1	1.08994193E-1
-4.20016140E-1	1.09376609E-1
-4.23121512E-1	1.10588349E-1
-4.24832940E-1	1.11099049E-1
-4.27491128E-1	1.11637063E-1
-4.30005074E-1	1.12450652E-1
-4.32395220E-1	1.13146305E-1
-4.34137672E-1	1.13512695E-1
-4.35102075E-1	1.14015616E-1
-4.36139166E-1	1.14660867E-1
-4.38018292E-1	1.14855453E-1
-4.40073878E-1	1.15500174E-1
-4.41551566E-1	1.16125129E-1
-4.43745017E-1	1.16543390E-1
-4.45838481E-1	1.17173955E-1
-4.47168261E-1	1.17685437E-1
-4.48925376E-1	1.18016399E-1
-4.50374275E-1	1.18509397E-1
-4.51377749E-1	1.18993387E-1
-4.52875584E-1	1.19308650E-1
-4.54384595E-1	1.20715991E-1
-4.55832392E-1	1.20750085E-1
-4.56727296E-1	1.20907590E-1
-4.58013952E-1	1.21032462E-1
-4.58749264E-1	1.21216536E-1
-4.59079921E-1	1.21335380E-1
-4.59196895E-1	1.21346660E-1
-4.59198862E-1	1.21352032E-1
-4.59199488E-1	1.21356457E-1
-4.59198892E-1	1.21360570E-1
-4.59270537E-1	1.21450178E-1
-4.60228324E-1	1.21824697E-1
-4.61977303E-1	1.22216582E-1
-4.63527292E-1	1.22967586E-1
-4.65974212E-1	1.23654552E-1
-4.68232810E-1	1.24127626E-1
-4.70220238E-1	1.24691494E-1
-4.71226394E-1	1.25178918E-1
-4.72871721E-1	1.25566199E-1
-4.73894328E-1	1.26040012E-1
-4.75388616E-1	1.26541138E-1
-4.77227211E-1	1.26928389E-1
-4.78282511E-1	1.27328828E-1
-4.79319811E-1	1.27631351E-1
-4.80215192E-1	1.27825007E-1
-4.81084436E-1	1.28091171E-1
-4.81591374E-1	1.28336132E-1
-4.82485384E-1	1.28543466E-1
-4.83377457E-1	1.28781050E-1
-4.83973503E-1	1.28975317E-1
-4.84518141E-1	1.29174113E-1
-4.85215604E-1	1.29502580E-1
-4.86168265E-1	1.29828393E-1
-4.87354666E-1	1.30069479E-1
-4.88019884E-1	1.30308494E-1
-4.88630384E-1	1.30505398E-1
-4.89360005E-1	1.30676970E-1
-4.90289569E-1	1.30986124E-1
-4.91056830E-1	1.31369606E-1
-4.92281169E-1	1.31627932E-1
-4.93313909E-1	1.31935641E-1
-4.93825287E-1	1.32223099E-1
-4.94647145E-1	1.32405668E-1
-4.95166957E-1	1.32651389E-1
-4.95797038E-1	1.32832587E-1
-4.96190429E-1	1.32898435E-1
-4.96422440E-1	1.32961094E-1
-4.96600360E-1	1.33068055E-1
-4.97100681E-1	1.33174911E-1
-4.97453630E-1	1.33326307E-1
-4.97913957E-1	1.33446231E-1
-4.98144627E-1	1.33486286E-1
-4.98343349E-1	1.33546710E-1
-4.98536289E-1	1.33645937E-1
-4.99056995E-1	1.33758783E-1
-4.99622345E-1	1.33932173E-1
-4.99993116E-1	1.34094208E-1
-5.00486374E-1	1.34218425E-1
-5.00857890E-1	1.34400308E-1
-5.01469553E-1	1.34606630E-1
-5.02361655E-1	1.34800181E-1
-5.03047824E-1	1.35122567E-1
-5.04210234E-1	1.35476992E-1
-5.05296528E-1	1.35729223E-1
-5.06589711E-1	1.36137068E-1
-5.07413208E-1	1.36558235E-1
-5.08865416E-1	1.36881217E-1
-5.09899974E-1	1.37326628E-1
-5.11144698E-1	1.37665972E-1
-5.11821985E-1	1.37789160E-1
-5.12102723E-1	1.37884647E-1
-5.12186408E-1	1.37902901E-1
-5.12186766E-1	1.37909159E-1
-5.12187421E-1	1.37914643E-1
-5.12187719E-1	1.37918979E-1
-5.12188077E-1	1.37922406E-1
-5.12188196E-1	1.37925386E-1
-5.12256980E-1	1.37966529E-1
-5.12484848E-1	1.38017192E-1
-5.12834013E-1	1.38145626E-1
-5.13208985E-1	1.38341442E-1
-5.13814807E-1	1.38505533E-1
-5.14725506E-1	1.38829082E-1
-5.15274346E-1	1.39075503E-1
-5.15903234E-1	1.39207065E-1
-5.16331792E-1	1.39313340E-1
-5.16589761E-1	1.39397427E-1
-5.16838610E-1	1.39474362E-1
-5.17242432E-1	1.39592811E-1
-5.17698824E-1	1.39724597E-1
-5.17866313E-1	1.39774740E-1
-5.18070459E-1	1.39836058E-1
-5.18171906E-1	1.39875263E-1
-5.18190861E-1	1.39881939E-1
-5.18190742E-1	1.39888301E-1
-5.18191397E-1	1.39894336E-1
-5.18194556E-1	1.39902130E-1
-5.18197894E-1	1.39915630E-1
-5.18204093E-1	1.39927521E-1
-5.18207014E-1	1.39933541E-1
-5.18204451E-1	1.39937460E-1
-5.18203259E-1	1.39941096E-1
-5.18201351E-1	1.39948875E-1
-5.18202484E-1	1.39959738E-1
-5.18205523E-1	1.39965236E-1
-5.18204689E-1	1.39978439E-1
-5.18205583E-1	1.39996424E-1
-5.18205762E-1	1.40006825E-1
-5.18206537E-1	1.40021265E-1
-5.18210113E-1	1.40026480E-1
-5.18209934E-1	1.40027925E-1
-5.18210888E-1	1.40029117E-1
-5.18211305E-1	1.40028924E-1
-5.18206954E-1	1.40028551E-1
-5.18204331E-1	1.40030786E-1
-5.18200219E-1	1.40032247E-1
-5.18198192E-1	1.40033305E-1
-5.18197119E-1	1.40035361E-1
-5.18195987E-1	1.40034676E-1
-5.18194318E-1	1.40034720E-1
-5.18193543E-1	1.40035227E-1
-5.18190563E-1	1.40034765E-1
-5.18190324E-1	1.40034646E-1
-5.18191278E-1	1.40044555E-1
-5.18191159E-1	1.40053317E-1
-5.18192708E-1	1.40060231E-1
-5.18194377E-1	1.40066937E-1
-5.18194616E-1	1.40068963E-1
-5.18195689E-1	1.40070602E-1
-5.18197596E-1	1.40071899E-1
-5.18197834E-1	1.40074179E-1
-5.18197417E-1	1.40075028E-1
-5.18197417E-1	1.40076384E-1
-5.18196166E-1	1.40078187E-1
-5.18195152E-1	1.40079126E-1
-5.18194377E-1	1.40084013E-1
-5.18193901E-1	1.40088737E-1
-5.18194139E-1	1.40094906E-1
-5.18195868E-1	1.40099645E-1
-5.18196583E-1	1.40100315E-1
-5.18196642E-1	1.40102610E-1
-5.18195987E-1	1.40105382E-1
-5.18196046E-1	1.40108913E-1
-5.18197238E-1	1.40109912E-1
-5.18198848E-1	1.40109539E-1
-5.18199623E-1	1.40109450E-1
-5.18199146E-1	1.40109390E-1
-5.18198729E-1	1.40109703E-1
-5.18198311E-1	1.40110910E-1
-5.18198609E-1	1.40113696E-1
-5.18199265E-1	1.40115172E-1
-5.18197596E-1	1.40116081E-1
-5.18197358E-1	1.40115172E-1
-5.18195689E-1	1.40113443E-1
-5.18195510E-1	1.40112773E-1
-5.18195868E-1	1.40113935E-1
-5.18194318E-1	1.40115738E-1
-5.18193662E-1	1.40117615E-1
-5.18192053E-1	1.40119404E-1
-5.18190444E-1	1.40119269E-1
-5.18191278E-1	1.40121073E-1
-5.18193662E-1	1.40122950E-1
-5.18193901E-1	1.40125126E-1
-5.18194973E-1	1.40126392E-1
-5.18197596E-1	1.40128180E-1
-5.18196642E-1	1.40127957E-1
-5.18197894E-1	1.40127659E-1
-5.18197834E-1	1.40127242E-1
-5.18198967E-1	1.40128046E-1
-5.18198669E-1	1.40128314E-1
-5.18196821E-1	1.40128270E-1
-5.18197060E-1	1.40128136E-1
-5.18195689E-1	1.40128151E-1
-5.18194914E-1	1.40128508E-1
-5.18192351E-1	1.40128925E-1
-5.18191099E-1	1.40128836E-1
-5.18192708E-1	1.40129447E-1
-5.18193722E-1	1.40129000E-1
-5.18194973E-1	1.40129268E-1
-5.18198669E-1	1.40129194E-1
-5.18198490E-1	1.40129805E-1
-5.18198192E-1	1.40130118E-1
-5.18197298E-1	1.40129551E-1
-5.18198013E-1	1.40130326E-1
-5.18198073E-1	1.40129283E-1
-5.18205047E-1	1.40131056E-1
-5.18200696E-1	1.40130162E-1
-5.18199265E-1	1.40129954E-1
-5.18204391E-1	1.40129581E-1
-5.18204093E-1	1.40130624E-1
-5.18208802E-1	1.40131161E-1
-5.18208861E-1	1.40130833E-1
-5.18205166E-1	1.40130147E-1
-5.18204331E-1	1.40128598E-1
-5.18199801E-1	1.40129998E-1
-5.18200338E-1	1.40130773E-1
-5.18199503E-1	1.40131861E-1
-5.18199205E-1	1.40132621E-1
-5.18195689E-1	1.40131101E-1
-5.18196046E-1	1.40132651E-1
-5.18195152E-1	1.40137330E-1
-5.18194258E-1	1.40144512E-1
-5.18195152E-1	1.40148744E-1
-5.18193960E-1	1.40152320E-1
-5.18194020E-1	1.40152529E-1
-5.18194854E-1	1.40153110E-1
-5.18194735E-1	1.40152842E-1
-5.18195391E-1	1.40151843E-1
-5.18194854E-1	1.40151888E-1
-5.18193543E-1	1.40151709E-1
-5.18192649E-1	1.40151352E-1
-5.18191159E-1	1.40151992E-1
-5.18192291E-1	1.40152290E-1
-5.18193126E-1	1.40153110E-1
-5.18194556E-1	1.40153125E-1
-5.18194616E-1	1.40154168E-1
-5.18193960E-1	1.40155628E-1
-5.18194139E-1	1.40155435E-1
-5.18192410E-1	1.40154153E-1
-5.18193007E-1	1.40154019E-1
-5.18192530E-1	1.40153378E-1
-5.18192530E-1	1.40153855E-1
-5.18193960E-1	1.40154213E-1
-5.18193245E-1	1.40155300E-1
-5.18194258E-1	1.40156388E-1
-5.18194199E-1	1.40156358E-1
-5.18193781E-1	1.40157089E-1
-5.18194497E-1	1.40157148E-1
-5.18194497E-1	1.40159503E-1
-5.18194497E-1	1.40161708E-1
-5.18194377E-1	1.40164778E-1
-5.18194675E-1	1.40166029E-1
-5.18193364E-1	1.40165016E-1
-5.18192589E-1	1.40163377E-1
-5.18191338E-1	1.40163034E-1
-5.18189669E-1	1.40163049E-1
-5.18190324E-1	1.40163779E-1
-5.18192112E-1	1.40164956E-1
-5.18193007E-1	1.40164703E-1
-5.18192649E-1	1.40164673E-1
-5.18192947E-1	1.40165031E-1
-5.18191099E-1	1.40165180E-1
-5.18190742E-1	1.40166119E-1
-5.18190980E-1	1.40167341E-1
-5.18191516E-1	1.40167400E-1
-5.18192232E-1	1.40166655E-1
-5.18193841E-1	1.40167385E-1
-5.18193245E-1	1.40166968E-1
-5.18192708E-1	1.40166551E-1
-5.18191397E-1	1.40168220E-1
-5.18190384E-1	1.40168771E-1
-5.18191814E-1	1.40169889E-1
-5.18194616E-1	1.40170515E-1
-5.18195570E-1	1.40170008E-1
-5.18195629E-1	1.40170440E-1
-5.18196285E-1	1.40170261E-1
-5.18194139E-1	1.40170664E-1
-5.18193126E-1	1.40170291E-1
-5.18192768E-1	1.40170977E-1
-5.18192947E-1	1.40171707E-1
-5.18194199E-1	1.40173212E-1
-5.18193901E-1	1.40174225E-1
-5.18192112E-1	1.40173212E-1
-5.18192887E-1	1.40173152E-1
-5.18192053E-1	1.40173718E-1
-5.18192828E-1	1.40174657E-1
-5.18193364E-1	1.40174687E-1
-5.18191040E-1	1.40174076E-1
-5.18191516E-1	1.40173942E-1
-5.18192232E-1	1.40174150E-1
-5.18192291E-1	1.40177161E-1
-5.18192649E-1	1.40179634E-1
-5.18191457E-1	1.40182734E-1
-5.18190920E-1	1.40185729E-1
-5.18189788E-1	1.40185207E-1
-5.18191934E-1	1.40185982E-1
-5.18192708E-1	1.40186012E-1
-5.18193185E-1	1.40186191E-1
-5.18193305E-1	1.40186459E-1
-5.18193305E-1	1.40187606E-1
-5.18192947E-1	1.40188754E-1
-5.18192887E-1	1.40191928E-1
-5.18193066E-1	1.40194356E-1
-5.18192828E-1	1.40196353E-1
-5.18193424E-1	1.40197441E-1
-5.18192708E-1	1.40197590E-1
-5.18193185E-1	1.40197948E-1
-5.18194318E-1	1.40196592E-1
-5.18194437E-1	1.40196070E-1
-5.18192768E-1	1.40194818E-1
-5.18192351E-1	1.40194386E-1
-5.18190563E-1	1.40194178E-1
-5.18190920E-1	1.40194446E-1
-5.18191457E-1	1.40195072E-1
-5.18191695E-1	1.40195549E-1
-5.18193364E-1	1.40196666E-1
-5.18192947E-1	1.40197024E-1
-5.18192410E-1	1.40197217E-1
-5.18190622E-1	1.40197366E-1
-5.18189073E-1	1.40197247E-1
-5.18187582E-1	1.40196770E-1
-5.18186867E-1	1.40195385E-1
-5.18186927E-1	1.40195593E-1
-5.18187523E-1	1.40196010E-1
-5.18187404E-1	1.40195444E-1
-5.18187225E-1	1.40196174E-1
-5.18188000E-1	1.40195057E-1
-5.18187642E-1	1.40194669E-1
-5.18187761E-1	1.40195251E-1
-5.18188357E-1	1.40195489E-1
-5.18188357E-1	1.40195429E-1
-5.18188298E-1	1.40195295E-1
-5.18188357E-1	1.40195116E-1
-5.18187702E-1	1.40195698E-1
-5.18187404E-1	1.40195638E-1
-5.18189490E-1	1.40195802E-1
-5.18189371E-1	1.40195876E-1
-5.18190086E-1	1.40196919E-1
-5.18190384E-1	1.40199199E-1
-5.18189490E-1	1.40199527E-1
-5.18188715E-1	1.40200347E-1
-5.18187284E-1	1.40200466E-1
-5.18186986E-1	1.40200481E-1
-5.18188238E-1	1.40201703E-1
-5.18188477E-1	1.40202060E-1
-5.18188775E-1	1.40202358E-1
-5.18187106E-1	1.40202209E-1
-5.18187284E-1	1.40202150E-1
-5.18188655E-1	1.40203074E-1
-5.18188834E-1	1.40203938E-1
-5.18189371E-1	1.40204579E-1
-5.18189430E-1	1.40204504E-1
-5.18190086E-1	1.40203893E-1
