294.9958780370371	-0.0011479272596296298
294.6760737105263	-0.0011462230357894732
294.18680915789474	-0.0011461219039473685
293.46106471052633	-0.0011434494094736843
292.33754152941174	-0.0011468379870588235
290.607151060606	-0.0011483758712121214
288.3700548484848	-0.0011466843636363639
285.3730900624999	-0.0011459981946875001
280.88779834285714	-0.001207019115142857
274.553127263158	-0.0012026552818421054
266.5487033421052	-0.001130520247894737
258.88112044736846	-0.0011181084123684211
253.1074144473684	-0.0011167683910526314
249.47919286842102	-0.0011121235181578946
247.53206939473685	-0.0011099229115789473
246.485746	-0.0011068512197368423
245.5305877631579	-0.001105348054736842
243.98901131578944	-0.0011020259234210527
241.38137523684208	-0.001099932917368421
237.5759964473684	-0.0010965108100000002
232.88006176315795	-0.0010943283439473685
227.9292574473684	-0.0010901383513157894
223.3492598421053	-0.0010879853713157896
219.48865821052632	-0.001086318911842105
216.39952984210527	-0.0010851706042105265
213.82625697368422	-0.0010839992671052632
211.43920244736842	-0.001082624745526316
208.87358344736845	-0.0010799717986842109
205.8535257631579	-0.0010766631728947368
202.3161782631579	-0.0010686751921052632
198.4235152631579	-0.001069568994736842
194.46008886842105	-0.0010669681452631578
190.70760273684212	-0.001081589955263158
187.27666942105265	-0.0010827132284210526
184.12491618421055	-0.0010673304465789474
181.1199867368421	-0.0010662270615789473
178.10900931578948	-0.001062558577894737
174.98848739473686	-0.0010615447326315789
171.70294960526314	-0.001064996539736842
168.27121339473683	-0.0010619148449999998
164.7510889473684	-0.0010712253705263159
161.25668147368424	-0.0010744385652631577
157.8181486842105	-0.0010861120723684211
154.48452797368424	-0.0010877114657894735
151.20972594736844	-0.0011452490926315787
147.94351528947368	-0.001164470502368421
144.67315492105257	-0.0011632939410526318
141.3558487631579	-0.0011600091363157894
138.07421355263153	-0.0011574031044736847
134.80967397368423	-0.0011540420034210522
131.51546486842108	-0.0011513178357894734
128.1926057631579	-0.0011487566607894736
124.84180328947373	-0.0011418267197368423
121.44300131578949	-0.0011404207849999997
118.01632105263154	-0.0011372074260526314
114.65329126315787	-0.0011369072007894737
111.36043726315788	-0.0011362487431578949
108.10063478947369	-0.0011322215863157896
104.77490097368421	-0.0011292264831578947
101.4179696078947	-0.0011267993810526317
98.13573724210526	-0.0011231066915789471
94.8983169631579	-0.0011193641842105265
91.64013732631581	-0.0011189611757894736
88.30414971842104	-0.0011443833276315789
84.9410469236842	-0.0011354903510526315
81.61812255	-0.0011366401436842103
78.31993132368423	-0.001138700124210526
75.03412509736842	-0.0011354048621052633
71.76362077368422	-0.0011326069855263153
68.48342596578948	-0.0011295166900000004
65.22631210789473	-0.001124671551578947
61.87171932894738	-0.0011204946281578947
57.79963277631581	-0.0011209496563157901
53.546632455263165	-0.0011194045771052632
50.29790066578948	-0.0011145384018421054
47.33347853684211	-0.001108888252894737
44.020998215789476	-0.0011064375213157894
40.38702893157896	-0.0011036318084210524
37.12799040789474	-0.0011005184465789474
33.8509785631579	-0.0010976730357894738
30.516738613157898	-0.001095783263157895
27.296333300000004	-0.0010931352034210529
23.987738594736836	-0.0010909217739473681
20.773504294736846	-0.0010903819252631578
17.61375287631579	-0.0010903976039473686
14.504110721052632	-0.001088710147105263
11.597469002631575	-0.0010896070468421053
9.013246295526317	-0.0010908909834473684
7.254773605526316	-0.001092024694368421
6.38394658	-0.0010927429968421052
5.938771391578946	-0.0010919455050000001
5.691729551315791	-0.001091192512631579
5.5317516831578954	-0.0010907790165789468
5.426631299736843	-0.0010912368386842108
5.343909542894737	-0.0010916205518421056
5.2753485115789465	-0.001090791663421053
5.226148898157895	-0.0010914044436842105
5.182169317368422	-0.0010914831723684206
5.154468751052631	-0.0010901618484210527
5.124466561315789	-0.0010914325578947367
5.100028401578948	-0.0010901350336842103
5.078685864736843	-0.0010906267539473684
5.057834608421053	-0.001091597895
5.033749144210525	-0.0010908814165789475
5.009581436578947	-0.0010914969518421053
4.995661566578947	-0.001091304466842105
4.980032773421053	-0.0010915148913157896
