298.9877835000001	-0.0005332868813571429
298.4410655135136	-0.0005160410633783784
297.6366730526316	-0.0005133344642631578
296.7784847894736	-0.000511542354026316
295.72726145945944	-0.0005114729825135136
294.2900094571429	-0.0005098451011142857
292.36836334375	-0.0005087297132812501
289.8692600909091	-0.0005036927152121213
286.22086094117645	-0.0004973281159411765
281.01231248648656	-0.0004932103251621622
273.97752639473686	-0.0004891786319210526
266.26512960526316	-0.00048403099526315795
259.7097224736843	-0.0004781599985526315
255.04967794736842	-0.00047427034181578943
252.14230278947377	-0.00047053866700000005
250.44907044736837	-0.00046635959442105265
249.25508452631584	-0.0004645490055
247.89334707894741	-0.0004632857288684211
245.83733181578953	-0.00046105168368421035
242.74774000000002	-0.00045660943918421045
238.67429826315788	-0.0004516911704210527
234.01459292105264	-0.00044900660147368423
229.36695739473691	-0.0004441618333157894
225.183584631579	-0.0004390381004999999
221.6555096578947	-0.00043585371684210525
218.68324542105265	-0.0004321511138157896
216.02660115789476	-0.0004295036568157894
213.40255073684216	-0.0004244351171315791
210.53362300000003	-0.0004223113792631579
207.3139199736842	-0.0004185140215
203.76263131578952	-0.00041473235494736833
200.00319497368417	-0.00040960865313157893
196.2547987631579	-0.000406737432131579
192.65547528947366	-0.0004028268373157895
189.30922947368427	-0.0003969530973947369
186.12445944736845	-0.00039415055876315793
183.00860450000002	-0.00038896877281578956
179.86555205263159	-0.000383792432263158
176.65186268421053	-0.0003817686282368421
173.31912218421053	-0.0003791423487631578
169.93289139473688	-0.0003740789614210526
166.50891400000003	-0.0003697315509473685
163.0599867368421	-0.0003641209356842104
159.58843139473683	-0.0003606209987631578
156.22380597368422	-0.0003550629657631579
152.95893431578943	-0.000352047117868421
149.7739244210526	-0.0003500786985
146.63361118421054	-0.00034413661752631577
143.43805013157893	-0.0003411443617894737
140.1528129210526	-0.00033560737331578944
136.77462336842103	-0.0003330756971842105
133.3627343947368	-0.00032775465565789476
129.96963018421056	-0.00032318351155263163
126.59612268421054	-0.00031732551560526316
123.19253510526313	-0.0003136806715
119.86180047368421	-0.00031124123389473694
116.60869960526315	-0.00030615438044736843
113.36705426315791	-0.0003008042319736842
109.94283010526316	-0.00029377782934210525
106.49414913157894	-0.00029231989757894734
103.22788978947369	-0.0002905619756578947
99.99408197631581	-0.0002849382789473684
96.72204462631579	-0.0002827224492894737
93.40295452894736	-0.00027792750455263163
90.1056598736842	-0.0002738012158157896
86.82831109736844	-0.0002699906596578948
83.59404705263155	-0.0002631194848947368
80.2513949605263	-0.0002598272842894737
76.89063218947368	-0.0002579273097368421
73.60926726842105	-0.00025163512786842104
70.3994084236842	-0.0002469245386052632
66.98627161052632	-0.00024189818115789478
62.92201531842105	-0.0002361032949210526
58.903660421052635	-0.0002335454129210526
55.57098940263156	-0.0002283768888947369
52.5057451	-0.00022322678639473696
49.25222335263159	-0.00022161362442105258
45.76170759473683	-0.0002190504709473684
42.41944873684209	-0.00021226873376315792
39.128383563157904	-0.00020858449194736844
35.77576562894737	-0.0002055028975263158
32.51620200526316	-0.00020305280884210522
29.198067302631582	-0.00020090808776315793
26.008008965789468	-0.00019833165576315794
22.743581944736842	-0.00019564210471052632
19.608276036842103	-0.00019648157044736844
16.42959643947368	-0.00019457624131578952
13.411294323684208	-0.00019171831089473683
10.63276268131579	-0.0001912420301578948
8.25009498736842	-0.00018962358610526316
6.947008502105264	-0.00019255000610526315
6.335448599999999	-0.00019307627905263149
6.009171344736844	-0.00019507365686842105
5.794928086842107	-0.00019289205992105264
5.63878889263158	-0.00019264995476315792
5.5206727513157885	-0.00019107359910526314
5.422272072631579	-0.0001923183528421053
5.349601207105263	-0.0001932262968157895
5.288345997368422	-0.00019229207215789475
5.2365101365789455	-0.000192557846631579
5.200857732368422	-0.00019191837389473683
5.1660218710526316	-0.0001910947155
5.147745388684211	-0.0001932710440263158
5.118775939210525	-0.00019405790399999994
5.097333849210527	-0.0001932552379210526
5.077093909473685	-0.00019347892360526317
5.055487685789473	-0.00019317890063157896
4.976742454736843	-0.00018922624057894733
4.821207333157894	-0.0001927684110526316
4.808438626842104	-0.00019197101497368422
