297.09585816666663	-0.0007633027452166667
296.8516465	-0.0009055402272777778
296.32354052631575	-0.0009024069539473684
295.65673297368426	-0.000900235332105263
294.72857516216214	-0.0008978496571621621
293.32819332352955	-0.0008940356810588237
291.37864868750006	-0.00089207445134375
288.7078505454547	-0.0008895238422424244
284.55705025714286	-0.0008941734845999999
278.15416768421056	-0.0008775887877105263
269.3981352368421	-0.000846453992105263
261.79802752631576	-0.0008282985270789472
257.27635907894745	-0.0008220357931315791
254.96230400000002	-0.0008203833035000001
253.65622476315787	-0.0008224857544210525
252.4446315789474	-0.000822996679131579
250.63128778947362	-0.0008222226127368422
247.72809560526318	-0.000819154329605263
243.55489892105254	-0.0008093197943684212
238.7276189736842	-0.0007970723337631581
234.30712765789465	-0.000787132917631579
230.67025505263163	-0.000783072449342105
227.66580971052625	-0.0007783407055263158
224.93019813157898	-0.0007759353855526315
222.13909139473685	-0.0007704484852631582
218.99097628947368	-0.0007658169253684212
215.4948459736842	-0.0007591722421842105
212.05411571052628	-0.0007545775050789475
208.69992978947369	-0.0007485665531578947
205.21769544736847	-0.0007402193775263157
201.82278984210527	-0.0007332272151578948
198.6018911842105	-0.0007281035156842105
195.4520535526316	-0.0007251245750789472
192.18995407894732	-0.0007211090237105264
188.75973055263154	-0.000713661460763158
185.2117192105263	-0.0007121851870789474
181.57431573684207	-0.0007153247238157895
178.08396628947372	-0.0007111061563157894
174.86425750000004	-0.0007063350385526316
171.86020726315786	-0.0007012745090526317
168.8970367105263	-0.0006946720457894737
165.8278376052631	-0.0006940195824736841
162.56556657894734	-0.0006876588643157895
159.07094905263156	-0.0006842302165789473
155.49605823684206	-0.0006750984973947369
151.98308115789476	-0.0006711511931052633
148.55596278947365	-0.0006649909441052631
145.19469865789475	-0.0006562905209736842
141.87229736842107	-0.0006490354769736841
138.60145378947368	-0.0006442958205789474
135.30897031578942	-0.0006355037739210527
132.00506534210527	-0.0006301616968421052
128.69187281578948	-0.0006212749255526314
125.37556768421052	-0.000616235189
122.01679436842103	-0.000610187892763158
118.61647923684212	-0.0006031457443684209
115.3002525526316	-0.0005971141106315789
112.04911565789472	-0.0005890300420526316
108.76723731578949	-0.000581469486131579
105.27194081578946	-0.0005736722068421053
101.85193760526317	-0.000564456181
98.58762267105264	-0.0005605694494473683
95.38557963421053	-0.0005510035870263157
92.13762626578948	-0.0005441219029473683
88.81655465263161	-0.0005354295765526316
85.52982969473686	-0.0005299852160263157
82.24948931842106	-0.000519532315368421
78.9864379026316	-0.0005153402088157896
75.68802259473685	-0.0005036691894473684
72.4183117394737	-0.0004986692029473684
69.14605315789473	-0.00048761137349999996
65.89841521052632	-0.00048348524565789466
62.33551813947368	-0.00048019598357894723
58.01761333157894	-0.0004698905131052631
54.11358052894738	-0.000462279994394737
51.02457596315789	-0.0004563116392368421
47.99020047105263	-0.0004516590640789472
44.65109013421053	-0.0004454274133157894
41.13103071578948	-0.0004383562111842104
37.79209897368421	-0.0004344405675263158
34.51581692368421	-0.0004250774537894737
31.24222699736842	-0.00042164336855263153
27.954467305263158	-0.0004159697590263158
24.7351034763158	-0.00040997254302631585
21.524881999999998	-0.00040905422539473684
18.36476343157895	-0.00040542016634210527
15.233119481578946	-0.00041238357689473684
12.237713078947367	-0.0004143965912894736
9.558992873421055	-0.00041709138513157894
7.566480055263158	-0.0004170702213947368
6.583473546052633	-0.0004178701865263157
6.091936286578948	-0.00041654904063157894
5.8121036013157905	-0.0004142383790789474
5.647151336578946	-0.0004127278202631579
5.5193084760526325	-0.00041341201378947357
5.421156492368421	-0.0004124805025
5.342324521315789	-0.0004134672866842106
