-4.41012233E-2	-3.61784518E-1
-4.41639535E-2	-3.61789346E-1
-4.41088565E-2	-3.61713499E-1
-4.39317487E-2	-3.61672759E-1
-4.40058522E-2	-3.61724794E-1
-4.39133048E-2	-3.61696601E-1
-4.39935923E-2	-3.61787528E-1
-4.43432592E-2	-3.61863732E-1
-4.43392061E-2	-3.61862868E-1
-4.43617143E-2	-3.61860394E-1
-4.41258699E-2	-3.61774564E-1
-4.40193340E-2	-3.61736208E-1
-4.40030843E-2	-3.61725688E-1
-4.39848043E-2	-3.61724257E-1
-4.40074466E-2	-3.61734420E-1
-4.40170467E-2	-3.61751348E-1
-4.40751985E-2	-3.61771077E-1
-4.40928675E-2	-3.61777633E-1
-4.40980829E-2	-3.61798108E-1
-4.41332683E-2	-3.61804992E-1
-4.41097766E-2	-3.61799419E-1
-4.41260561E-2	-3.61805320E-1
-4.41301614E-2	-3.61781120E-1
-4.40429151E-2	-3.61747414E-1
-4.40478586E-2	-3.61762077E-1
-4.40207087E-2	-3.61764342E-1
-4.40568104E-2	-3.61764461E-1
-4.40646969E-2	-3.61781240E-1
-4.40389886E-2	-3.61759365E-1
-4.39827666E-2	-3.61685723E-1
-4.39043120E-2	-3.61692429E-1
-4.38540541E-2	-3.61750573E-1
-4.39918265E-2	-3.61809939E-1
-4.39934656E-2	-3.61796498E-1
-4.40258197E-2	-3.61775964E-1
-4.40222919E-2	-3.61740202E-1
-4.39544134E-2	-3.61654162E-1
-4.38993052E-2	-3.61673951E-1
-4.38825786E-2	-3.61717790E-1
-4.38332260E-2	-3.61562878E-1
-4.34153043E-2	-3.61491859E-1
-4.32306938E-2	-3.61346394E-1
-4.30085994E-2	-3.61126304E-1
-4.26095985E-2	-3.61061484E-1
-4.23970856E-2	-3.60961884E-1
-4.22518663E-2	-3.60815555E-1
-4.19972017E-2	-3.60664815E-1
-4.18867096E-2	-3.60661775E-1
-4.16019596E-2	-3.60525310E-1
-4.15533185E-2	-3.60358953E-1
-4.15514931E-2	-3.60412836E-1
-4.13559526E-2	-3.60166848E-1
-4.11126427E-2	-3.60215217E-1
-4.12501134E-2	-3.60330582E-1
-4.12642434E-2	-3.60204428E-1
-4.10751440E-2	-3.60274225E-1
-4.11887392E-2	-3.60164106E-1
-4.09154706E-2	-3.60041052E-1
-4.07210067E-2	-3.59958768E-1
-4.07038331E-2	-3.59938741E-1
-4.06873710E-2	-3.59928638E-1
-4.05584723E-2	-3.59826773E-1
-4.04469855E-2	-3.59723330E-1
-4.03877944E-2	-3.59686464E-1
-4.03044894E-2	-3.59656990E-1
-4.03168313E-2	-3.59682947E-1
-4.03370149E-2	-3.59717578E-1
-4.03148308E-2	-3.59680146E-1
-4.02655303E-2	-3.59604627E-1
-4.01589014E-2	-3.59433115E-1
-3.99692766E-2	-3.59329015E-1
-3.98176461E-2	-3.59205246E-1
-3.97624038E-2	-3.59131843E-1
-3.95928547E-2	-3.59060049E-1
-3.94280627E-2	-3.58919144E-1
-3.93011272E-2	-3.58723491E-1
-3.91354635E-2	-3.58604282E-1
-3.89885828E-2	-3.58524144E-1
-3.89096588E-2	-3.58377367E-1
-3.87651287E-2	-3.58261287E-1
-3.85598950E-2	-3.58068913E-1
-3.83627415E-2	-3.57947558E-1
-3.82997766E-2	-3.57803941E-1
-3.81872356E-2	-3.57750982E-1
-3.81625406E-2	-3.57729405E-1
-3.81530114E-2	-3.57720703E-1
-3.81459817E-2	-3.57714176E-1
-3.80548649E-2	-3.57588172E-1
-3.79083902E-2	-3.57435763E-1
-3.78587022E-2	-3.57329965E-1
-3.76975127E-2	-3.57216328E-1
-3.75159383E-2	-3.56982797E-1
-3.73157375E-2	-3.56755286E-1
-3.71097587E-2	-3.56418937E-1
-3.68334278E-2	-3.56227934E-1
-3.66969034E-2	-3.56129527E-1
-3.66874821E-2	-3.56154591E-1
-3.67264263E-2	-3.56196254E-1
-3.67462933E-2	-3.56181860E-1
-3.67329456E-2	-3.56163621E-1
-3.66810523E-2	-3.56105894E-1
-3.66299115E-2	-3.56049955E-1
-3.65965553E-2	-3.56014132E-1
-3.65771651E-2	-3.56036216E-1
-3.65959108E-2	-3.56015205E-1
-3.65436561E-2	-3.55940849E-1
-3.64580452E-2	-3.55735451E-1
-3.62068154E-2	-3.55303884E-1
-3.57837342E-2	-3.54970008E-1
-3.55440415E-2	-3.54681224E-1
-3.53373550E-2	-3.54342371E-1
-3.51503827E-2	-3.54200244E-1
-3.51158753E-2	-3.54190648E-1
-3.51131707E-2	-3.54131192E-1
-3.49968858E-2	-3.53871524E-1
-3.48266549E-2	-3.53744596E-1
-3.45428064E-2	-3.53361219E-1
-3.43508720E-2	-3.53028446E-1
-3.41489203E-2	-3.52845550E-1
-3.40471677E-2	-3.52708668E-1
-3.39147449E-2	-3.52518976E-1
-3.38260159E-2	-3.52323949E-1
-3.37346345E-2	-3.52243006E-1
-3.36790010E-2	-3.52194130E-1
-3.36553417E-2	-3.52126569E-1
-3.35747823E-2	-3.51982862E-1
-3.34176384E-2	-3.51760894E-1
-3.33210975E-2	-3.51616651E-1
-3.31745781E-2	-3.51473451E-1
-3.31211500E-2	-3.51334631E-1
-3.29889767E-2	-3.51111889E-1
-3.28855924E-2	-3.50954533E-1
-3.27340737E-2	-3.50877136E-1
-3.26757766E-2	-3.50506246E-1
-3.24820280E-2	-3.50322664E-1
-3.23758647E-2	-3.50159794E-1
-3.21881622E-2	-3.49822134E-1
-3.20474952E-2	-3.49654049E-1
-3.20164859E-2	-3.49641949E-1
-3.20216864E-2	-3.49646509E-1
-3.20605040E-2	-3.49739939E-1
-3.21146771E-2	-3.49785864E-1
-3.21184509E-2	-3.49801034E-1
-3.21189277E-2	-3.49792480E-1
-3.21169831E-2	-3.49790871E-1
-3.21164243E-2	-3.49791050E-1
-3.21162120E-2	-3.49791497E-1
-3.21144462E-2	-3.49790245E-1
-3.21131609E-2	-3.49788696E-1
-3.21127474E-2	-3.49789560E-1
-3.21117230E-2	-3.49766850E-1
-3.20499539E-2	-3.49732459E-1
-3.20228860E-2	-3.49604994E-1
-3.19658965E-2	-3.49523157E-1
-3.18687670E-2	-3.49392354E-1
-3.18035595E-2	-3.49254280E-1
-3.17538530E-2	-3.49198788E-1
-3.17027271E-2	-3.49097550E-1
-3.16826627E-2	-3.49091053E-1
-3.17315347E-2	-3.49155962E-1
-3.16810384E-2	-3.48970413E-1
-3.15230340E-2	-3.48782480E-1
-3.14058363E-2	-3.48583758E-1
-3.12376320E-2	-3.48308146E-1
-3.11799403E-2	-3.48222196E-1
-3.11852917E-2	-3.48202437E-1
-3.10746320E-2	-3.47901136E-1
-3.09099182E-2	-3.47436339E-1
-3.07391696E-2	-3.47114533E-1
-3.05505134E-2	-3.46735954E-1
-3.02676633E-2	-3.46439064E-1
-3.01693026E-2	-3.46345365E-1
-3.01456023E-2	-3.46210063E-1
-3.00758630E-2	-3.46106023E-1
-2.99526844E-2	-3.45936507E-1
-2.98629198E-2	-3.45664680E-1
-2.96715125E-2	-3.45346212E-1
-2.94893757E-2	-3.44841301E-1
-2.93679405E-2	-3.44614774E-1
-2.92136408E-2	-3.44264776E-1
-2.90598646E-2	-3.43989551E-1
-2.88841147E-2	-3.43745947E-1
-2.87120044E-2	-3.43077302E-1
-2.84503438E-2	-3.41992497E-1
-2.79006865E-2	-3.41544896E-1
-2.75350120E-2	-3.40211213E-1
-2.70494800E-2	-3.39184970E-1
-2.67903041E-2	-3.38542461E-1
-2.66013462E-2	-3.38124096E-1
-2.64183190E-2	-3.37637156E-1
-2.62421872E-2	-3.37158918E-1
-2.61699427E-2	-3.37009907E-1
-2.61539984E-2	-3.36970389E-1
-2.60751750E-2	-3.36299956E-1
-2.56843418E-2	-3.35854858E-1
-2.54921243E-2	-3.34011525E-1
-2.48902384E-2	-3.32149297E-1
-2.43606865E-2	-3.31207633E-1
-2.42475718E-2	-3.30274642E-1
-2.39899233E-2	-3.29624981E-1
-2.37613916E-2	-3.29303205E-1
-2.35613380E-2	-3.27849030E-1
-2.32412629E-2	-3.26065302E-1
-2.28085611E-2	-3.24968696E-1
-2.24619247E-2	-3.23655277E-1
-2.22815983E-2	-3.23267460E-1
-2.21405793E-2	-3.22797686E-1
-2.19598599E-2	-3.22174877E-1
-2.18632426E-2	-3.20757836E-1
-2.15596054E-2	-3.19399059E-1
-2.13956423E-2	-3.19075972E-1
-2.12975014E-2	-3.18514884E-1
-2.12193634E-2	-3.18505198E-1
-2.12196317E-2	-3.18501592E-1
-2.12180577E-2	-3.18487227E-1
-2.12155096E-2	-3.18472266E-1
-2.12103743E-2	-3.18451166E-1
-2.11693700E-2	-3.18049371E-1
-2.11144015E-2	-3.16624373E-1
-2.08158959E-2	-3.15547645E-1
-2.05232799E-2	-3.14523369E-1
-2.04304382E-2	-3.12554181E-1
-2.00217664E-2	-3.10683221E-1
-1.97534468E-2	-3.09560329E-1
-1.95745528E-2	-3.08376163E-1
-1.93607006E-2	-3.06846589E-1
-1.91377718E-2	-3.06087732E-1
-1.89784020E-2	-3.04975033E-1
-1.88714918E-2	-3.03859502E-1
-1.87391881E-2	-3.03427249E-1
-1.86143853E-2	-3.02376747E-1
-1.85315385E-2	-3.01366687E-1
-1.83756631E-2	-3.00437689E-1
-1.82452872E-2	-2.99283355E-1
-1.81453787E-2	-2.97982961E-1
-1.79729890E-2	-2.96568871E-1
-1.78294703E-2	-2.95765817E-1
-1.77662466E-2	-2.94888496E-1
-1.76546387E-2	-2.93487281E-1
-1.74819957E-2	-2.92422950E-1
-1.71966851E-2	-2.89801270E-1
-1.70463249E-2	-2.88202465E-1
-1.68983303E-2	-2.87267357E-1
-1.68176964E-2	-2.86439627E-1
-1.67680699E-2	-2.85020411E-1
-1.66107565E-2	-2.83900738E-1
-1.64508130E-2	-2.81953782E-1
-1.63670108E-2	-2.79099107E-1
-1.60643384E-2	-2.76975274E-1
-1.57739390E-2	-2.74551570E-1
-1.55466795E-2	-2.70192564E-1
-1.52136059E-2	-2.67608345E-1
-1.49474004E-2	-2.65052557E-1
-1.47458790E-2	-2.60945499E-1
-1.45780807E-2	-2.57943034E-1
-1.43951969E-2	-2.56379455E-1
-1.42351761E-2	-2.54084229E-1
-1.41289504E-2	-2.51619369E-1
-1.39679844E-2	-2.49971539E-1
-1.38645740E-2	-2.47581035E-1
-1.37827219E-2	-2.47079596E-1
-1.37615995E-2	-2.46986479E-1
-1.37601998E-2	-2.46960208E-1
-1.37602026E-2	-2.46923849E-1
-1.37594715E-2	-2.47045487E-1
-1.37736099E-2	-2.47108400E-1
-1.37737673E-2	-2.47102961E-1
-1.37315085E-2	-2.45145902E-1
-1.35092670E-2	-2.42178291E-1
-1.30181732E-2	-2.32230604E-1
-1.28200557E-2	-2.25370839E-1
-1.22725600E-2	-2.19590947E-1
-1.18992096E-2	-2.12868065E-1
-1.17599992E-2	-2.10078970E-1
-1.16508333E-2	-2.07876235E-1
-1.14787854E-2	-2.05016196E-1
-1.12708202E-2	-1.96987554E-1
-1.09431697E-2	-1.89868301E-1
-1.04315188E-2	-1.83065936E-1
-9.94766690E-3	-1.73685104E-1
-9.82036255E-3	-1.68285370E-1
-9.56807565E-3	-1.66805148E-1
-9.47232824E-3	-1.64646178E-1
-9.32338089E-3	-1.59947589E-1
-9.01545305E-3	-1.55350760E-1
-8.82671773E-3	-1.51595518E-1
-8.67031515E-3	-1.47440389E-1
-8.44610296E-3	-1.42824814E-1
-8.32042843E-3	-1.41132906E-1
-8.21124017E-3	-1.39444128E-1
-8.10220465E-3	-1.36816412E-1
-8.04436393E-3	-1.36274412E-1
-7.90914334E-3	-1.33447796E-1
-7.81152351E-3	-1.30702123E-1
-7.66576827E-3	-1.28870174E-1
-7.57120037E-3	-1.27437487E-1
-7.55595742E-3	-1.27454862E-1
-7.55390013E-3	-1.27410725E-1
-7.54586933E-3	-1.27217546E-1
-7.53476424E-3	-1.26986206E-1
-7.50741083E-3	-1.26077190E-1
-7.36883422E-3	-1.24368884E-1
-7.24532921E-3	-1.20226756E-1
-7.04982039E-3	-1.15118332E-1
-6.75270986E-3	-1.12022676E-1
-6.54810201E-3	-1.09773286E-1
-6.44677132E-3	-1.08009763E-1
-6.36246754E-3	-1.06455937E-1
-6.19839923E-3	-9.86393839E-2
-6.05967920E-3	-9.71053392E-2
-5.86604793E-3	-9.45994034E-2
-5.63456910E-3	-9.28940251E-2
-5.48681710E-3	-9.04760286E-2
-5.41545544E-3	-8.91629234E-2
-5.27351163E-3	-8.81970972E-2
-5.12924464E-3	-8.32401887E-2
-4.93264431E-3	-7.73151740E-2
-4.64800978E-3	-7.35713542E-2
-4.42923093E-3	-6.80409446E-2
-4.28082328E-3	-6.57828152E-2
-4.14323341E-3	-6.37346134E-2
-3.99804721E-3	-5.98339625E-2
-3.93117592E-3	-5.65705225E-2
-3.75934644E-3	-5.23325950E-2
-3.58800287E-3	-4.95239384E-2
-3.46683641E-3	-4.36976403E-2
-3.30076157E-3	-3.83752175E-2
-3.02263070E-3	-3.36605497E-2
-2.68789800E-3	-2.75551509E-2
-2.35430314E-3	-1.81219913E-2
-2.05856469E-3	-1.27126118E-2
-1.74202118E-3	-7.16196978E-3
-1.56200852E-3	-4.79637599E-3
-1.47599413E-3	-4.82338620E-3
-1.49516365E-3	-5.26034785E-3
-1.52006489E-3	-5.74720139E-3
-1.54663890E-3	-5.80768753E-3
-1.55837811E-3	-5.97581128E-3
-1.56528736E-3	-6.01036008E-3
-1.56540377E-3	-5.97311510E-3
-1.44549354E-3	-4.23999410E-3
-1.06280739E-3	7.36784714E-4
-9.04478249E-4	6.06353674E-3
-4.36462869E-4	7.83205312E-3
-8.67347117E-5	1.14197591E-2
-4.31115996E-6	1.17793791E-2
-1.59541901E-6	1.17798792E-2
-1.25849670E-6	1.17822941E-2
-1.17822321E-6	1.17846122E-2
-9.73582473E-7	1.17861331E-2
-8.35647825E-7	1.17905624E-2
-8.78045796E-7	1.17935603E-2
-8.22645802E-7	1.17946751E-2
-8.55433541E-7	1.17957816E-2
-7.50286631E-7	1.17975296E-2
-6.71144051E-7	1.18010305E-2
-7.89858973E-7	1.18031548E-2
-6.84147437E-7	1.18043115E-2
-6.68884411E-7	1.18039157E-2
-7.22023628E-7	1.18027292E-2
-5.04946229E-7	1.18024610E-2
-5.86350268E-7	1.18038431E-2
-4.87421801E-7	1.18042408E-2
-4.49546292E-7	1.18049942E-2
-5.54693145E-7	1.18049458E-2
-4.68201392E-7	1.18052419E-2
-5.10599307E-7	1.18064359E-2
-3.87362661E-7	1.18072657E-2
-2.59603581E-7	1.18088946E-2
-2.55646455E-7	1.18106436E-2
-1.51630218E-7	1.18120108E-2
-2.14379142E-7	1.18130036E-2
-3.81144304E-7	1.18133212E-2
-3.21221904E-7	1.18132448E-2
-4.08844301E-7	1.18146632E-2
-4.74419750E-7	1.18137859E-2
-2.79389297E-7	1.18143326E-2
-3.49487209E-7	1.18140597E-2
-2.15509758E-7	1.18142096E-2
-1.12624122E-7	1.18156383E-2
-1.92332223E-7	1.18168667E-2
-7.19221092E-8	1.18175512E-2
-1.00752700E-7	1.18164830E-2
-1.59544484E-7	1.18156392E-2
-8.94465870E-8	1.18147843E-2
1.51349617E-8	1.18147805E-2
-3.52012508E-9	1.18169812E-2
-8.04257017E-9	1.18178800E-2
-5.15711065E-8	1.18186017E-2
-2.37556677E-7	1.18190749E-2
-1.92332223E-7	1.18192872E-2
-4.42220660E-8	1.18200891E-2
-1.07536124E-7	1.18195824E-2
5.92292437E-8	1.18183009E-2
7.22314013E-8	1.18176248E-2
2.20341562E-7	1.18153291E-2
2.75741513E-7	1.18144741E-2
1.52504882E-7	1.18137412E-2
1.63245687E-7	1.18133780E-2
1.19717143E-7	1.18134348E-2
1.63810995E-7	1.18148252E-2
1.90945670E-7	1.18162129E-2
1.85292606E-7	1.18179610E-2
7.22314653E-8	1.18175512E-2
8.69294112E-8	1.18178139E-2
9.71049161E-8	1.18184546E-2
1.66637520E-7	1.18194111E-2
1.36676320E-7	1.18220039E-2
1.67202828E-7	1.18250800E-2
1.73986493E-7	1.18260635E-2
1.04453889E-7	1.18269213E-2
1.86423222E-7	1.18264696E-2
4.34008740E-8	1.18248733E-2
6.94049334E-8	1.18236523E-2
1.01627364E-7	1.18225710E-2
1.42329370E-7	1.18227964E-2
3.10225175E-7	1.18258353E-2
2.65566030E-7	1.18270526E-2
4.14806721E-7	1.18281841E-2
3.06833329E-7	1.18276682E-2
3.28880276E-7	1.18264183E-2
2.89308872E-7	1.18278600E-2
1.68333443E-7	1.18289776E-2
2.42953803E-7	1.18298223E-2
2.37866047E-7	1.18312761E-2
3.46404732E-7	1.18292952E-2
4.91122989E-7	1.18288845E-2
4.89427293E-7	1.18290186E-2
6.85023281E-7	1.18310051E-2
7.47772333E-7	1.18340543E-2
8.36525487E-7	1.18379202E-2
1.08243353E-6	1.18408231E-2
9.80113214E-7	1.18417935E-2
9.53543804E-7	1.18414359E-2
8.13913289E-7	1.18413521E-2
6.58454212E-7	1.18393609E-2
6.26797089E-7	1.18378326E-2
6.27927648E-7	1.18363956E-2
6.47713364E-7	1.18359067E-2
6.75978640E-7	1.18362382E-2
7.85082705E-7	1.18360566E-2
7.94692880E-7	1.18357781E-2
7.91866341E-7	1.18355900E-2
6.55062365E-7	1.18350768E-2
5.69701172E-7	1.18349791E-2
6.39799111E-7	1.18355611E-2
6.12099086E-7	1.18370624E-2
9.04927504E-7	1.18391719E-2
9.15668295E-7	1.18417889E-2
7.88474495E-7	1.18425526E-2
9.95941718E-7	1.18424948E-2
9.53543804E-7	1.18419901E-2
8.86837711E-7	1.18417246E-2
1.02307638E-6	1.18427230E-2
8.08825519E-7	1.18419342E-2
8.22392849E-7	1.18417991E-2
8.81184690E-7	1.18403090E-2
7.29682711E-7	1.18410643E-2
6.96894972E-7	1.18410299E-2
6.77109256E-7	1.18423179E-2
5.81007271E-7	1.18423710E-2
6.72021542E-7	1.18410215E-2
6.44321517E-7	1.18392492E-2
6.34710659E-7	1.18393796E-2
5.30693796E-7	1.18386196E-2
5.38042343E-7	1.18392566E-2
5.54435701E-7	1.18384026E-2
7.44943691E-7	1.18382629E-2
9.48453703E-7	1.18394075E-2
1.05586184E-6	1.18397279E-2
1.05812296E-6	1.18412497E-2
9.18492503E-7	1.18400324E-2
8.90792535E-7	1.18399961E-2
7.62468176E-7	1.18399970E-2
6.78802962E-7	1.18407020E-2
6.99153929E-7	1.18425284E-2
6.52798917E-7	1.18447589E-2
8.03735475E-7	1.18455542E-2
8.61396643E-7	1.18459389E-2
9.31494526E-7	1.18452273E-2
1.00102716E-6	1.18447803E-2
9.43931298E-7	1.18448799E-2
1.05190463E-6	1.18450830E-2
1.03664138E-6	1.18432213E-2
1.04681692E-6	1.18427901E-2
1.12482905E-6	1.18436888E-2
1.13726583E-6	1.18443631E-2
1.11069642E-6	1.18448874E-2
1.09204132E-6	1.18451361E-2
1.00668024E-6	1.18449125E-2
9.98200562E-7	1.18445847E-2
9.35451681E-7	1.18443910E-2
8.16172189E-7	1.18419891E-2
8.82312975E-7	1.18427705E-2
8.45568081E-7	1.18419463E-2
8.85704821E-7	1.18422229E-2
7.72643659E-7	1.18426848E-2
5.72525494E-7	1.18417758E-2
1.22375786E-6	1.18466737E-2
1.48436447E-6	1.18476516E-2
1.86311991E-6	1.18490430E-2
2.12033433E-6	1.18509308E-2
1.47305968E-6	1.18475230E-2
1.34473521E-6	1.18487421E-2
1.38713312E-6	1.18497470E-2
1.37017400E-6	1.18496567E-2
1.40352699E-6	1.18514961E-2
1.31816591E-6	1.18521862E-2
1.21245364E-6	1.18542314E-2
1.23619657E-6	1.18553815E-2
1.27294140E-6	1.18557503E-2
1.33512503E-6	1.18554011E-2
1.37921893E-6	1.18547576E-2
1.34925767E-6	1.18553033E-2
1.28876991E-6	1.18548442E-2
1.29668422E-6	1.18563063E-2
1.29046589E-6	1.18562179E-2
1.23167410E-6	1.18566435E-2
1.31251284E-6	1.18564861E-2
1.25485155E-6	1.18542248E-2
1.24071892E-6	1.18540805E-2
1.28481281E-6	1.18519953E-2
1.35660662E-6	1.18502313E-2
1.45836168E-6	1.18502211E-2
1.40748421E-6	1.18496455E-2
1.33342917E-6	1.18500618E-2
1.29103114E-6	1.18504576E-2
1.28368220E-6	1.18514095E-2
1.28707404E-6	1.18540125E-2
1.33851688E-6	1.18560214E-2
1.42953115E-6	1.18578486E-2
1.45270860E-6	1.18579492E-2
1.61099422E-6	1.18576847E-2
1.54937595E-6	1.18575208E-2
1.50923881E-6	1.18582314E-2
1.41030921E-6	1.18600475E-2
1.31872855E-6	1.18599487E-2
1.41709097E-6	1.18609713E-2
1.37356210E-6	1.18603567E-2
1.40804570E-6	1.18592624E-2
1.38373764E-6	1.18597923E-2
1.33059893E-6	1.18593518E-2
1.31985803E-6	1.18580526E-2
1.28367856E-6	1.18569536E-2
1.26671932E-6	1.18566025E-2
9.55236032E-7	1.18551496E-2
9.70499286E-7	1.18556935E-2
9.54670668E-7	1.18588461E-2
1.03946650E-6	1.18595473E-2
1.41313353E-6	1.18596600E-2
1.47644766E-6	1.18610784E-2
1.47588241E-6	1.18595017E-2
1.41482940E-6	1.18588144E-2
1.29159275E-6	1.18592596E-2
1.24806422E-6	1.18614659E-2
1.25089082E-6	1.18625900E-2
1.31307445E-6	1.18630333E-2
1.24071528E-6	1.18625741E-2
1.29385398E-6	1.18603650E-2
1.38599876E-6	1.18599953E-2
1.31024785E-6	1.18597662E-2
1.44648652E-6	1.18593862E-2
1.41087230E-6	1.18585303E-2
1.26671932E-6	1.18573438E-2
1.27011117E-6	1.18575981E-2
1.15761543E-6	1.18572023E-2
1.12539294E-6	1.18566388E-2
1.16496437E-6	1.18574463E-2
1.18757657E-6	1.18570458E-2
1.18927255E-6	1.18573187E-2
1.28141778E-6	1.18581625E-2
1.32381649E-6	1.18595008E-2
1.29724754E-6	1.18600260E-2
1.40578675E-6	1.18597308E-2
1.34699519E-6	1.18597895E-2
1.28933402E-6	1.18588936E-2
1.27633200E-6	1.18592456E-2
1.13161377E-6	1.18601955E-2
1.34925642E-6	1.18606947E-2
1.30629314E-6	1.18610300E-2
1.42952979E-6	1.18596340E-2
1.46514412E-6	1.18584773E-2
1.33173194E-6	1.18578356E-2
1.43066040E-6	1.18579622E-2
1.33399317E-6	1.18588284E-2
1.36791152E-6	1.18592894E-2
1.43857471E-6	1.18589131E-2
1.30742376E-6	1.18588796E-2
1.30290130E-6	1.18588693E-2
1.36960739E-6	1.18582491E-2
1.19831975E-6	1.20325070E-2
6.13270604E-5	1.26969423E-2
2.61250796E-4	1.39372563E-2
4.35272232E-4	1.59813147E-2
8.12224287E-4	1.78724546E-2
1.16646232E-3	2.01920904E-2
1.25521701E-3	2.20734105E-2
1.60359568E-3	2.31948886E-2
1.87768985E-3	2.35044230E-2
2.07921001E-3	2.24631671E-2
2.42420356E-3	1.76085476E-2
2.66557047E-3	1.23491697E-2
2.92873895E-3	4.13876167E-3
3.20086232E-3	-3.94969218E-4
3.30665242E-3	-3.25534074E-3
3.40568041E-3	-6.23608427E-3
3.54729220E-3	-1.05536971E-2
3.74975801E-3	-1.21577941E-2
4.05571330E-3	-1.69874839E-2
4.26141173E-3	-2.09880918E-2
4.41396935E-3	-2.17559673E-2
4.42908471E-3	-2.19995063E-2
4.43756068E-3	-2.22698618E-2
4.44206409E-3	-2.22893022E-2
4.44310065E-3	-2.23120172E-2
4.44395654E-3	-2.23517194E-2
4.44662990E-3	-2.23820917E-2
4.49518068E-3	-2.27212384E-2
4.73105395E-3	-3.19105051E-2
5.11537353E-3	-3.99438404E-2
5.71260555E-3	-4.79468554E-2
6.10503973E-3	-5.96655980E-2
6.46458473E-3	-6.28723502E-2
6.56277640E-3	-6.55772015E-2
6.68867631E-3	-6.73264638E-2
6.77252188E-3	-6.99151456E-2
6.85551157E-3	-7.11918101E-2
6.86062593E-3	-7.12021738E-2
6.86166203E-3	-7.12438896E-2
6.86286157E-3	-7.13067055E-2
6.86579617E-3	-7.13337734E-2
6.86677452E-3	-7.13707954E-2
6.86635263E-3	-7.13565722E-2
6.86570117E-3	-7.13523030E-2
6.89562317E-3	-7.23542571E-2
7.03728851E-3	-7.79425800E-2
7.34686386E-3	-8.41250345E-2
7.57941697E-3	-8.63471851E-2
7.80908298E-3	-9.19839516E-2
8.00718646E-3	-9.46535766E-2
8.18416011E-3	-9.57171693E-2
8.27291701E-3	-9.79135036E-2
8.33704975E-3	-1.00509465E-1
8.57387390E-3	-1.03380322E-1
8.74750782E-3	-1.06257379E-1
8.91561434E-3	-1.11321963E-1
9.31050163E-3	-1.26031175E-1
9.63274576E-3	-1.26510859E-1
9.82640591E-3	-1.28914148E-1
1.00349505E-2	-1.30566061E-1
1.02449264E-2	-1.33430004E-1
1.03718033E-2	-1.35643303E-1
1.05169704E-2	-1.36890844E-1
1.06495842E-2	-1.39294878E-1
1.08509427E-2	-1.42526761E-1
1.09673282E-2	-1.44755214E-1
1.10905394E-2	-1.47047207E-1
1.11588035E-2	-1.48404598E-1
1.12029808E-2	-1.51453912E-1
1.14665078E-2	-1.55415699E-1
1.17789675E-2	-1.61696598E-1
1.19856037E-2	-1.65820777E-1
1.21777738E-2	-1.68939337E-1
1.22505743E-2	-1.70335591E-1
1.22456299E-2	-1.70357838E-1
1.22594619E-2	-1.70628428E-1
1.23417880E-2	-1.73493832E-1
1.24939745E-2	-1.75481319E-1
1.26015572E-2	-1.77593544E-1
1.28156943E-2	-1.82082698E-1
1.29343774E-2	-1.85033828E-1
1.30354417E-2	-1.86942622E-1
1.32114114E-2	-1.91216409E-1
1.34316869E-2	-1.94548339E-1
1.35369897E-2	-1.96669504E-1
1.36921247E-2	-1.98777258E-1
1.37641625E-2	-2.00286314E-1
1.37721086E-2	-2.00402200E-1
1.38040958E-2	-2.01288596E-1
1.39478408E-2	-2.03963384E-1
1.40494145E-2	-2.05760330E-1
1.41512603E-2	-2.07547396E-1
1.42460819E-2	-2.09719390E-1
1.43702468E-2	-2.12185085E-1
1.44704608E-2	-2.13944167E-1
1.47032896E-2	-2.18806922E-1
1.49964523E-2	-2.21806929E-1
1.51114920E-2	-2.23564893E-1
1.52060743E-2	-2.26063967E-1
1.53383771E-2	-2.28142440E-1
1.54306907E-2	-2.29722336E-1
1.56688299E-2	-2.32569605E-1
1.58798788E-2	-2.37368450E-1
1.61235929E-2	-2.40286127E-1
1.62368808E-2	-2.41906539E-1
1.63073223E-2	-2.42325351E-1
1.63074043E-2	-2.42308974E-1
1.63079090E-2	-2.42353588E-1
1.63202938E-2	-2.42641270E-1
1.63495075E-2	-2.43484557E-1
1.64285321E-2	-2.44862840E-1
1.65291503E-2	-2.46272177E-1
1.66694056E-2	-2.48186514E-1
1.67558901E-2	-2.49360651E-1
1.68244746E-2	-2.49827921E-1
1.68822557E-2	-2.51359582E-1
1.70017369E-2	-2.52459258E-1
1.70866400E-2	-2.53588974E-1
1.71723776E-2	-2.55271703E-1
1.72979701E-2	-2.56990135E-1
1.73995402E-2	-2.58809835E-1
1.76709201E-2	-2.61245817E-1
1.79595649E-2	-2.64817953E-1
1.81017332E-2	-2.66406745E-1
1.82044879E-2	-2.67747790E-1
1.82385445E-2	-2.67940432E-1
1.82491671E-2	-2.68229991E-1
1.83570292E-2	-2.69459903E-1
1.85200814E-2	-2.71284401E-1
1.86166801E-2	-2.72388101E-1
1.87102947E-2	-2.73481518E-1
1.87696833E-2	-2.74188370E-1
1.88895669E-2	-2.75624394E-1
1.89931467E-2	-2.76669294E-1
1.90797057E-2	-2.78067172E-1
1.92757435E-2	-2.79852808E-1
1.93779953E-2	-2.80233443E-1
1.94918811E-2	-2.81319350E-1
1.95851550E-2	-2.82604843E-1
1.96947046E-2	-2.83263564E-1
1.97933521E-2	-2.84537286E-1
1.99330710E-2	-2.85416812E-1
2.00326834E-2	-2.86333054E-1
2.02486273E-2	-2.88452864E-1
2.04575676E-2	-2.90089518E-1
2.05717273E-2	-2.91109353E-1
2.06953026E-2	-2.92198658E-1
2.08490826E-2	-2.93210030E-1
2.09622700E-2	-2.94290066E-1
2.10626274E-2	-2.95051962E-1
2.12330036E-2	-2.96267599E-1
2.14080401E-2	-2.97159880E-1
2.14496534E-2	-2.97775209E-1
2.15967558E-2	-2.98855931E-1
2.17381604E-2	-2.99845368E-1
2.17960011E-2	-3.00655603E-1
2.19817832E-2	-3.01876605E-1
2.21307501E-2	-3.02558869E-1
2.22219918E-2	-3.03129107E-1
2.23669875E-2	-3.04024071E-1
2.24620551E-2	-3.05052131E-1
2.26338040E-2	-3.05692911E-1
2.27636788E-2	-3.06549609E-1
2.28857156E-2	-3.07173967E-1
2.29455996E-2	-3.07749748E-1
2.31184158E-2	-3.08135957E-1
2.32397579E-2	-3.09218049E-1
2.34207474E-2	-3.10349554E-1
2.35921517E-2	-3.11282605E-1
2.38044802E-2	-3.12442064E-1
2.39912160E-2	-3.13347489E-1
2.40356773E-2	-3.13657671E-1
2.41762064E-2	-3.14731091E-1
2.44438034E-2	-3.15874636E-1
2.46067718E-2	-3.16298693E-1
2.48041339E-2	-3.17773849E-1
2.50267778E-2	-3.18153650E-1
2.49470305E-2	-3.17920685E-1
2.48776879E-2	-3.17536414E-1
2.47591902E-2	-3.17198068E-1
2.47891638E-2	-3.17646801E-1
2.49449257E-2	-3.18349451E-1
2.52098199E-2	-3.19446623E-1
2.53874119E-2	-3.20350319E-1
2.55110934E-2	-3.20510536E-1
2.55809389E-2	-3.20945412E-1
2.57762484E-2	-3.21967572E-1
2.59498917E-2	-3.22367102E-1
2.62699258E-2	-3.23653013E-1
2.65305992E-2	-3.24649215E-1
2.66046580E-2	-3.25033426E-1
2.67194565E-2	-3.25602919E-1
2.68565882E-2	-3.26031357E-1
2.69594863E-2	-3.26313138E-1
2.70141251E-2	-3.26838702E-1
2.72189453E-2	-3.27421039E-1
2.73851212E-2	-3.27790976E-1
2.75458265E-2	-3.28615606E-1
2.77549196E-2	-3.28893483E-1
2.78532319E-2	-3.29437762E-1
2.79831011E-2	-3.29931736E-1
2.81982534E-2	-3.30664068E-1
2.84918472E-2	-3.31628412E-1
2.87121702E-2	-3.31933856E-1
2.90021840E-2	-3.32744747E-1
2.92493217E-2	-3.33479792E-1
2.93807089E-2	-3.33861887E-1
2.95386035E-2	-3.34560871E-1
2.97947656E-2	-3.35258573E-1
3.00000887E-2	-3.35407376E-1
3.00834514E-2	-3.35768640E-1
3.02043390E-2	-3.36109012E-1
3.03647071E-2	-3.36530983E-1
3.05532813E-2	-3.37030560E-1
3.09415367E-2	-3.38002443E-1
3.12956385E-2	-3.38758111E-1
3.14287394E-2	-3.39147389E-1
3.16950195E-2	-3.39776665E-1
3.19881216E-2	-3.40499580E-1
3.22069302E-2	-3.40722769E-1
3.24246660E-2	-3.41405392E-1
3.27146277E-2	-3.41944844E-1
3.28286923E-2	-3.42186779E-1
3.29740606E-2	-3.42454106E-1
3.31049375E-2	-3.42718840E-1
3.31722237E-2	-3.42943817E-1
3.34166177E-2	-3.43503475E-1
3.37438509E-2	-3.43927890E-1
3.39577012E-2	-3.44335467E-1
3.41632552E-2	-3.44870508E-1
3.44127566E-2	-3.45324546E-1
3.46379094E-2	-3.45763147E-1
3.48732546E-2	-3.46441299E-1
3.53476442E-2	-3.47141564E-1
3.55878845E-2	-3.47242862E-1
3.55891176E-2	-3.47283602E-1
3.57065648E-2	-3.47438633E-1
3.56715992E-2	-3.47493201E-1
3.58261839E-2	-3.47636074E-1
3.60861234E-2	-3.48204494E-1
3.63334827E-2	-3.48508686E-1
3.64332907E-2	-3.48680645E-1
3.65797579E-2	-3.48979026E-1
3.67455333E-2	-3.49225432E-1
3.70577127E-2	-3.49614203E-1
3.73261496E-2	-3.50084156E-1
3.75532098E-2	-3.50278378E-1
3.76661606E-2	-3.50452185E-1
3.76786515E-2	-3.50410134E-1
3.75875309E-2	-3.50411803E-1
3.76306176E-2	-3.50471586E-1
3.77520174E-2	-3.50817919E-1
3.81622687E-2	-3.51408869E-1
3.84467915E-2	-3.51768464E-1
3.87547240E-2	-3.52252632E-1
3.93531807E-2	-3.52920085E-1
3.97191644E-2	-3.53304446E-1
3.99080291E-2	-3.53540450E-1
4.01928127E-2	-3.53832245E-1
4.04236987E-2	-3.53951216E-1
4.05974388E-2	-3.54189992E-1
4.08583917E-2	-3.54594707E-1
4.09533568E-2	-3.54698926E-1
4.10459861E-2	-3.54838729E-1
4.12097238E-2	-3.55034739E-1
4.14104424E-2	-3.55228007E-1
4.17280719E-2	-3.55453610E-1
4.20399718E-2	-3.55836064E-1
4.23665270E-2	-3.56086254E-1
4.26532961E-2	-3.56310636E-1
4.28578109E-2	-3.56436163E-1
4.31469865E-2	-3.56654406E-1
4.34188545E-2	-3.56831014E-1
4.34664302E-2	-3.56874019E-1
4.35710624E-2	-3.56926620E-1
4.36156243E-2	-3.56977373E-1
4.38090414E-2	-3.57067406E-1
4.39359136E-2	-3.57193142E-1
4.42418307E-2	-3.57481986E-1
4.45203148E-2	-3.57566893E-1
4.46783267E-2	-3.57586533E-1
4.47722748E-2	-3.57715636E-1
4.49830182E-2	-3.57827038E-1
4.51449007E-2	-3.57953370E-1
4.53563184E-2	-3.58139187E-1
4.56625298E-2	-3.58214587E-1
4.56636846E-2	-3.58283877E-1
4.58753929E-2	-3.58410448E-1
4.61034551E-2	-3.58612865E-1
4.63827550E-2	-3.58706355E-1
4.65475954E-2	-3.58768314E-1
4.64530885E-2	-3.58732998E-1
4.67540659E-2	-3.58872682E-1
4.69026044E-2	-3.58997971E-1
4.71639819E-2	-3.59206170E-1
4.74021323E-2	-3.59239638E-1
4.73268479E-2	-3.59274507E-1
4.74433154E-2	-3.59314322E-1
4.74463515E-2	-3.59324604E-1
4.76159006E-2	-3.59423578E-1
4.80779000E-2	-3.59623164E-1
4.84359264E-2	-3.59733403E-1
4.87209074E-2	-3.59914809E-1
4.89253104E-2	-3.60015661E-1
4.90672812E-2	-3.60030621E-1
4.91402932E-2	-3.60081106E-1
4.91245314E-2	-3.60090673E-1
4.91767488E-2	-3.60118300E-1
4.92003746E-2	-3.60127240E-1
4.91138361E-2	-3.60136449E-1
4.91309129E-2	-3.60141605E-1
4.90656458E-2	-3.60132337E-1
4.89143096E-2	-3.60161543E-1
4.89030480E-2	-3.60173464E-1
4.89612296E-2	-3.60203743E-1
4.90480401E-2	-3.60276073E-1
4.91815396E-2	-3.60196382E-1
4.91748080E-2	-3.60237360E-1
4.92869802E-2	-3.60293627E-1
4.91878428E-2	-3.60232800E-1
4.92281802E-2	-3.60277802E-1
4.91956137E-2	-3.60225946E-1
4.89900894E-2	-3.60270143E-1
4.90696616E-2	-3.60287428E-1
4.90990132E-2	-3.60258073E-1
4.90438417E-2	-3.60270679E-1
4.91801053E-2	-3.60251456E-1
4.91075478E-2	-3.60235035E-1
4.91461903E-2	-3.60341012E-1
4.93024737E-2	-3.60476345E-1
4.93570864E-2	-3.60455453E-1
4.93986979E-2	-3.60459417E-1
4.94436212E-2	-3.60446453E-1
4.93713841E-2	-3.60439569E-1
4.92320284E-2	-3.60405833E-1
4.92963679E-2	-3.60399157E-1
4.92427014E-2	-3.60399365E-1
4.91569750E-2	-3.60389650E-1
4.91003431E-2	-3.60395819E-1
4.91186976E-2	-3.60389650E-1
4.90995534E-2	-3.60379547E-1
4.91549857E-2	-3.60416412E-1
4.92502600E-2	-3.60415190E-1
4.92153578E-2	-3.60425204E-1
4.92238849E-2	-3.60459834E-1
4.92504500E-2	-3.60466242E-1
4.92579415E-2	-3.60474735E-1
4.92714159E-2	-3.60481560E-1
4.92800139E-2	-3.60467374E-1
4.92433198E-2	-3.60466897E-1
4.92013544E-2	-3.60450745E-1
4.91955951E-2	-3.60442251E-1
4.91441935E-2	-3.60439599E-1
4.91422974E-2	-3.60451639E-1
4.91789244E-2	-3.60463858E-1
4.91676405E-2	-3.60463917E-1
4.91978265E-2	-3.60478759E-1
4.92213145E-2	-3.60467672E-1
4.91930470E-2	-3.60465318E-1
4.92190085E-2	-3.60476732E-1
4.92282212E-2	-3.60487014E-1
4.91461493E-2	-3.60465378E-1
4.90848795E-2	-3.60456616E-1
4.90462519E-2	-3.60442668E-1
4.90666516E-2	-3.60448539E-1
4.90963459E-2	-3.60484302E-1
4.91392910E-2	-3.60469490E-1
4.91596274E-2	-3.60505104E-1
4.91624437E-2	-3.60498339E-1
4.91991751E-2	-3.60448956E-1
4.90597337E-2	-3.60459983E-1
4.90601584E-2	-3.60445768E-1
4.90260012E-2	-3.60390186E-1
4.89750728E-2	-3.60460579E-1
4.90789786E-2	-3.60458106E-1
4.91594970E-2	-3.60477626E-1
4.91212085E-2	-3.60511452E-1
4.93193828E-2	-3.60569507E-1
4.92227562E-2	-3.60551268E-1
4.91467938E-2	-3.60528886E-1
4.91895936E-2	-3.60567600E-1
4.90623005E-2	-3.60524714E-1
4.91048954E-2	-3.60510319E-1
4.91497330E-2	-3.60568196E-1
4.91510071E-2	-3.60575825E-1
4.91558984E-2	-3.60580057E-1
4.92289439E-2	-3.60575587E-1
4.92398441E-2	-3.60565096E-1
4.92026545E-2	-3.60548913E-1
4.92151566E-2	-3.60542595E-1
4.91967686E-2	-3.60542655E-1
4.91619743E-2	-3.60547483E-1
4.91932705E-2	-3.60553861E-1
4.92284894E-2	-3.60571653E-1
4.91938889E-2	-3.60566616E-1
4.91822660E-2	-3.60552371E-1
4.91944477E-2	-3.60564858E-1
4.91069257E-2	-3.60565782E-1
4.91600558E-2	-3.60582709E-1
4.91501838E-2	-3.60585451E-1
4.91029136E-2	-3.60591024E-1
4.92121354E-2	-3.60575795E-1
4.91813868E-2	-3.60586166E-1
4.91353199E-2	-3.60588759E-1
4.91733439E-2	-3.60563934E-1
4.90967855E-2	-3.60582232E-1
4.91645299E-2	-3.60561490E-1
4.92050834E-2	-3.60563993E-1
4.91951928E-2	-3.60583752E-1
4.92082946E-2	-3.60570371E-1
4.91259545E-2	-3.60565573E-1
4.91198711E-2	-3.60576808E-1
4.92079332E-2	-3.60571235E-1
4.91160564E-2	-3.60552311E-1
4.90667671E-2	-3.60526353E-1
4.90207002E-2	-3.60520422E-1
4.90511023E-2	-3.60514194E-1
4.90812026E-2	-3.60549271E-1
4.92047220E-2	-3.60587627E-1
4.93071489E-2	-3.60627979E-1
4.94221151E-2	-3.60670656E-1
4.94368784E-2	-3.60715955E-1
4.94676977E-2	-3.60703856E-1
4.93202507E-2	-3.60645115E-1
4.91986983E-2	-3.60615194E-1
4.91300896E-2	-3.60561967E-1
4.90739308E-2	-3.60554814E-1
4.90896590E-2	-3.60549927E-1
4.91177216E-2	-3.60587686E-1
4.91964705E-2	-3.60592484E-1
4.93285581E-2	-3.60662997E-1
4.92803641E-2	-3.60665649E-1
4.93077897E-2	-3.60639513E-1
4.93086204E-2	-3.60709190E-1
4.94132228E-2	-3.60731691E-1
4.92464937E-2	-3.60725522E-1
4.92142923E-2	-3.60732019E-1
