-2.29250327E-1	-4.50473130E-1
-2.29247525E-1	-4.50473428E-1
-2.29257941E-1	-4.50472087E-1
-2.29263559E-1	-4.50472474E-1
-2.29324237E-1	-4.50473130E-1
-2.29314640E-1	-4.50471997E-1
-2.29292095E-1	-4.50472087E-1
-2.29300559E-1	-4.50471222E-1
-2.29249790E-1	-4.50469822E-1
-2.29248032E-1	-4.50469851E-1
-2.29251057E-1	-4.50469911E-1
-2.29244918E-1	-4.50468808E-1
-2.29256585E-1	-4.50469375E-1
-2.29261816E-1	-4.50468808E-1
-2.29263514E-1	-4.50467050E-1
-2.29211405E-1	-4.50459361E-1
-2.29086414E-1	-4.50450659E-1
-2.28754222E-1	-4.50439036E-1
-2.28122056E-1	-4.50405300E-1
-2.27900833E-1	-4.50386375E-1
-2.27523699E-1	-4.50367391E-1
-2.26983175E-1	-4.50348705E-1
-2.26682484E-1	-4.50335830E-1
-2.26658538E-1	-4.50335205E-1
-2.26555720E-1	-4.50331479E-1
-2.26488963E-1	-4.50324386E-1
-2.26402804E-1	-4.50322151E-1
-2.26329595E-1	-4.50316936E-1
-2.26140335E-1	-4.50310469E-1
-2.26073667E-1	-4.50306326E-1
-2.26056218E-1	-4.50303316E-1
-2.26028696E-1	-4.50301975E-1
-2.25917265E-1	-4.50293571E-1
-2.25812703E-1	-4.50284928E-1
-2.25663260E-1	-4.50280190E-1
-2.25387156E-1	-4.50262934E-1
-2.25167543E-1	-4.50250149E-1
-2.24844262E-1	-4.50218767E-1
-2.24312469E-1	-4.50209439E-1
-2.24033430E-1	-4.50188100E-1
-2.23781839E-1	-4.50174600E-1
-2.23625213E-1	-4.50172871E-1
-2.23586425E-1	-4.50163394E-1
-2.23381013E-1	-4.50150341E-1
-2.23110348E-1	-4.50124949E-1
-2.22691745E-1	-4.50108916E-1
-2.22293928E-1	-4.50095862E-1
-2.22230360E-1	-4.50088501E-1
-2.22122952E-1	-4.50087219E-1
-2.21997127E-1	-4.50075805E-1
-2.21816093E-1	-4.50064272E-1
-2.21448034E-1	-4.50040787E-1
-2.21174002E-1	-4.50025618E-1
-2.20806167E-1	-4.50008571E-1
-2.20605254E-1	-4.49990869E-1
-2.20410615E-1	-4.49980199E-1
-2.20083401E-1	-4.49966699E-1
-2.19830751E-1	-4.49944913E-1
-2.19635963E-1	-4.49933618E-1
-2.19385177E-1	-4.49921787E-1
-2.19225496E-1	-4.49905336E-1
-2.19022945E-1	-4.49895918E-1
-2.18678281E-1	-4.49884146E-1
-2.18493551E-1	-4.49865401E-1
-2.18254343E-1	-4.49855983E-1
-2.18038008E-1	-4.49847370E-1
-2.17973456E-1	-4.49842930E-1
-2.17847496E-1	-4.49829042E-1
-2.17675015E-1	-4.49817508E-1
-2.17399523E-1	-4.49804425E-1
-2.17177078E-1	-4.49790120E-1
-2.16999367E-1	-4.49774176E-1
-2.16810286E-1	-4.49765623E-1
-2.16615200E-1	-4.49757874E-1
-2.16496900E-1	-4.49746460E-1
-2.16344580E-1	-4.49734479E-1
-2.16073722E-1	-4.49724406E-1
-2.15995327E-1	-4.49715585E-1
-2.15844110E-1	-4.49697822E-1
-2.15576857E-1	-4.49689150E-1
-2.15400606E-1	-4.49677616E-1
-2.15170026E-1	-4.49659854E-1
-2.14998633E-1	-4.49649841E-1
-2.14690074E-1	-4.49635804E-1
-2.14529470E-1	-4.49619859E-1
-2.14394271E-1	-4.49612498E-1
-2.14114845E-1	-4.49599594E-1
-2.13978529E-1	-4.49589044E-1
-2.13770807E-1	-4.49572206E-1
-2.13482082E-1	-4.49548364E-1
-2.13242650E-1	-4.49540973E-1
-2.12954804E-1	-4.49520200E-1
-2.12812394E-1	-4.49510545E-1
-2.12627545E-1	-4.49497640E-1
-2.12512523E-1	-4.49485242E-1
-2.12368384E-1	-4.49477255E-1
-2.12272137E-1	-4.49463308E-1
-2.12106183E-1	-4.49458987E-1
-2.11848482E-1	-4.49441582E-1
-2.11700857E-1	-4.49428767E-1
-2.11506635E-1	-4.49424058E-1
-2.11409628E-1	-4.49410647E-1
-2.11279511E-1	-4.49402183E-1
-2.11163357E-1	-4.49391037E-1
-2.11017102E-1	-4.49384093E-1
-2.10923284E-1	-4.49379146E-1
-2.10823849E-1	-4.49368000E-1
-2.10682377E-1	-4.49361891E-1
-2.10611463E-1	-4.49356496E-1
-2.10536256E-1	-4.49349195E-1
-2.10428864E-1	-4.49348122E-1
-2.10422203E-1	-4.49347794E-1
-2.10420996E-1	-4.49349672E-1
-2.10410923E-1	-4.49346870E-1
-2.10385159E-1	-4.49346811E-1
-2.10381091E-1	-4.49344754E-1
-2.10376203E-1	-4.49345559E-1
-2.10373461E-1	-4.49343860E-1
-2.10377723E-1	-4.49344963E-1
-2.10348219E-1	-4.49346870E-1
-2.10364461E-1	-4.49345708E-1
-2.10366324E-1	-4.49345797E-1
-2.10350290E-1	-4.49344605E-1
-2.10344806E-1	-4.49344754E-1
-2.10322618E-1	-4.49343652E-1
-2.10201621E-1	-4.49335515E-1
-2.10073069E-1	-4.49321777E-1
-2.09901363E-1	-4.49302584E-1
-2.09612995E-1	-4.49295461E-1
-2.09458202E-1	-4.49284136E-1
-2.09415853E-1	-4.49273527E-1
-2.09229246E-1	-4.49263632E-1
-2.09127456E-1	-4.49248612E-1
-2.08969310E-1	-4.49235260E-1
-2.08654940E-1	-4.49215829E-1
-2.08536446E-1	-4.49211210E-1
-2.08265945E-1	-4.49190259E-1
-2.08135173E-1	-4.49176043E-1
-2.08000615E-1	-4.49166238E-1
-2.07666755E-1	-4.49144363E-1
-2.07458705E-1	-4.49119568E-1
-2.07303599E-1	-4.49105412E-1
-2.07065627E-1	-4.49090034E-1
-2.06937775E-1	-4.49083537E-1
-2.06863344E-1	-4.49071556E-1
-2.06646696E-1	-4.49064940E-1
-2.06483692E-1	-4.49043125E-1
-2.06290439E-1	-4.49024498E-1
-2.06085160E-1	-4.49021697E-1
-2.05999523E-1	-4.49011445E-1
-2.05986962E-1	-4.49012637E-1
-2.05953300E-1	-4.49000090E-1
-2.05834433E-1	-4.48992133E-1
-2.05677062E-1	-4.48982716E-1
-2.05549717E-1	-4.48960274E-1
-2.05348179E-1	-4.48948592E-1
-2.05182910E-1	-4.48937356E-1
-2.04978138E-1	-4.48907018E-1
-2.04701304E-1	-4.48884755E-1
-2.04318866E-1	-4.48865235E-1
-2.04100251E-1	-4.48835373E-1
-2.03817636E-1	-4.48818773E-1
-2.03622952E-1	-4.48807061E-1
-2.03452617E-1	-4.48785692E-1
-2.03262165E-1	-4.48772043E-1
-2.03095004E-1	-4.48760509E-1
-2.02913016E-1	-4.48744148E-1
-2.02717066E-1	-4.48735654E-1
-2.02694267E-1	-4.48723674E-1
-2.02550322E-1	-4.48720574E-1
-2.02415898E-1	-4.48701322E-1
-2.02283859E-1	-4.48683858E-1
-2.02131465E-1	-4.48675483E-1
-2.01833487E-1	-4.48643118E-1
-2.01421052E-1	-4.48616445E-1
-2.01272368E-1	-4.48579192E-1
-2.00886264E-1	-4.48557884E-1
-2.00689092E-1	-4.48545605E-1
-2.00605810E-1	-4.48544711E-1
-2.00599715E-1	-4.48539257E-1
-2.00492755E-1	-4.48528230E-1
-2.00186461E-1	-4.48508620E-1
-1.99938416E-1	-4.48474675E-1
-1.99708864E-1	-4.48451579E-1
-1.99406669E-1	-4.48425919E-1
-1.99298620E-1	-4.48416829E-1
-1.99209228E-1	-4.48406816E-1
-1.99075416E-1	-4.48397577E-1
-1.99075818E-1	-4.48397487E-1
-1.99068666E-1	-4.48396951E-1
-1.98988467E-1	-4.48390633E-1
-1.98878452E-1	-4.48367864E-1
-1.98671550E-1	-4.48335946E-1
-1.98461831E-1	-4.48325485E-1
-1.98194072E-1	-4.48300779E-1
-1.98099837E-1	-4.48293000E-1
-1.98039711E-1	-4.48289216E-1
-1.97800636E-1	-4.48261768E-1
-1.97589263E-1	-4.48241740E-1
-1.97402999E-1	-4.48211700E-1
-1.97147474E-1	-4.48202163E-1
-1.97095841E-1	-4.48188961E-1
-1.97070166E-1	-4.48182315E-1
-1.96914434E-1	-4.48165029E-1
-1.96729377E-1	-4.48136002E-1
-1.96468636E-1	-4.48115557E-1
-1.96235150E-1	-4.48078781E-1
-1.95987761E-1	-4.48056370E-1
-1.95710763E-1	-4.48035806E-1
-1.95493057E-1	-4.48001564E-1
-1.95276901E-1	-4.47984636E-1
-1.95025235E-1	-4.47968006E-1
-1.94823027E-1	-4.47943836E-1
-1.94744200E-1	-4.47920531E-1
-1.94378525E-1	-4.47888911E-1
-1.94044754E-1	-4.47846383E-1
-1.93908259E-1	-4.47818011E-1
-1.93514794E-1	-4.47786868E-1
-1.93307921E-1	-4.47751641E-1
-1.93042755E-1	-4.47731704E-1
-1.92952752E-1	-4.47707295E-1
-1.92673057E-1	-4.47682768E-1
-1.92488521E-1	-4.47662503E-1
-1.92242354E-1	-4.47614402E-1
-1.91961780E-1	-4.47587490E-1
-1.91646203E-1	-4.47552919E-1
-1.91282719E-1	-4.47498351E-1
-1.91023380E-1	-4.47468281E-1
-1.90688834E-1	-4.47444797E-1
-1.90325513E-1	-4.47399050E-1
-1.90243676E-1	-4.47374165E-1
-1.89983666E-1	-4.47352171E-1
-1.89826861E-1	-4.47310567E-1
-1.89596802E-1	-4.47289079E-1
-1.89374864E-1	-4.47273761E-1
-1.89194486E-1	-4.47235912E-1
-1.88993111E-1	-4.47215766E-1
-1.88868687E-1	-4.47203726E-1
-1.88629583E-1	-4.47165459E-1
-1.88451752E-1	-4.47124511E-1
-1.88240111E-1	-4.47086960E-1
-1.87814310E-1	-4.47051018E-1
-1.87581524E-1	-4.46991831E-1
-1.87318593E-1	-4.46960747E-1
-1.87097564E-1	-4.46929038E-1
-1.86832845E-1	-4.46886837E-1
-1.86569229E-1	-4.46867108E-1
-1.86528429E-1	-4.46852773E-1
-1.86287701E-1	-4.46827531E-1
-1.86061189E-1	-4.46796775E-1
-1.86025053E-1	-4.46757883E-1
-1.85747385E-1	-4.46741104E-1
-1.85568318E-1	-4.46711421E-1
-1.85488969E-1	-4.46683586E-1
-1.85330018E-1	-4.46670055E-1
-1.85076967E-1	-4.46634442E-1
-1.84914723E-1	-4.46601391E-1
-1.84709743E-1	-4.46542948E-1
-1.84326172E-1	-4.46506083E-1
-1.84171081E-1	-4.46474254E-1
-1.83921829E-1	-4.46405679E-1
-1.83469683E-1	-4.46353614E-1
-1.83167860E-1	-4.46298063E-1
-1.82667241E-1	-4.46205854E-1
-1.82363853E-1	-4.46150601E-1
-1.82129994E-1	-4.46106911E-1
-1.81817636E-1	-4.46046889E-1
-1.81601763E-1	-4.45989013E-1
-1.81404293E-1	-4.45974290E-1
-1.81137741E-1	-4.45922971E-1
-1.80951625E-1	-4.45863307E-1
-1.80716917E-1	-4.45839554E-1
-1.80516437E-1	-4.45777774E-1
-1.80147901E-1	-4.45720434E-1
-1.79883346E-1	-4.45646971E-1
-1.79549918E-1	-4.45606381E-1
-1.79311901E-1	-4.45539236E-1
-1.79127127E-1	-4.45507139E-1
-1.78961247E-1	-4.45466876E-1
-1.78659022E-1	-4.45399255E-1
-1.78340167E-1	-4.45344239E-1
-1.78194240E-1	-4.45275724E-1
-1.77667171E-1	-4.45196033E-1
-1.77191466E-1	-4.45081800E-1
-1.77052721E-1	-4.45025504E-1
-1.76760063E-1	-4.44985867E-1
-1.76605299E-1	-4.44906294E-1
-1.76259041E-1	-4.44846362E-1
-1.76001593E-1	-4.44779903E-1
-1.75636783E-1	-4.44685847E-1
-1.75033629E-1	-4.44533467E-1
-1.74692854E-1	-4.44396228E-1
-1.74377993E-1	-4.44358110E-1
-1.74015388E-1	-4.44253087E-1
-1.73815250E-1	-4.44159299E-1
-1.73599243E-1	-4.44108069E-1
-1.73243999E-1	-4.44032133E-1
-1.72883317E-1	-4.43913192E-1
-1.72723353E-1	-4.43818986E-1
-1.72201708E-1	-4.43706185E-1
-1.71714902E-1	-4.43597555E-1
-1.71544045E-1	-4.43432480E-1
-1.70913890E-1	-4.43337947E-1
-1.70663029E-1	-4.43193972E-1
-1.70388654E-1	-4.43081319E-1
-1.70035779E-1	-4.42949176E-1
-1.69485718E-1	-4.42754894E-1
-1.69150755E-1	-4.42625374E-1
-1.68812796E-1	-4.42448139E-1
-1.68442637E-1	-4.42337662E-1
-1.68030471E-1	-4.42209095E-1
-1.67707846E-1	-4.42037851E-1
-1.67427838E-1	-4.41926181E-1
-1.67040870E-1	-4.41829324E-1
-1.66704744E-1	-4.41683114E-1
-1.66581899E-1	-4.41559345E-1
-1.66142032E-1	-4.41415608E-1
-1.65711790E-1	-4.41209465E-1
-1.65568888E-1	-4.41038966E-1
-1.65136188E-1	-4.40972120E-1
-1.64810136E-1	-4.40738797E-1
-1.64360151E-1	-4.40522373E-1
-1.64091751E-1	-4.40397501E-1
-1.63800910E-1	-4.40306157E-1
-1.63727775E-1	-4.40246701E-1
-1.63644001E-1	-4.40209806E-1
-1.63506642E-1	-4.40139949E-1
-1.63331851E-1	-4.40037131E-1
-1.63133278E-1	-4.39862698E-1
-1.62919372E-1	-4.39760059E-1
-1.62670761E-1	-4.39673603E-1
-1.62522137E-1	-4.39614117E-1
-1.62503898E-1	-4.39588964E-1
-1.62457779E-1	-4.39569145E-1
-1.62421599E-1	-4.39554095E-1
-1.62400976E-1	-4.39524859E-1
-1.62357509E-1	-4.39510465E-1
-1.62303612E-1	-4.39473987E-1
-1.62143052E-1	-4.39311206E-1
-1.61918998E-1	-4.39171433E-1
-1.61461338E-1	-4.38971519E-1
-1.61050424E-1	-4.38582093E-1
-1.60665318E-1	-4.38352108E-1
-1.60315514E-1	-4.38126981E-1
-1.59718066E-1	-4.37729746E-1
-1.59377843E-1	-4.37506080E-1
-1.59035712E-1	-4.37267572E-1
-1.58416837E-1	-4.36829537E-1
-1.58082917E-1	-4.36568499E-1
-1.57483816E-1	-4.36278492E-1
-1.57105297E-1	-4.35837269E-1
-1.56621531E-1	-4.35541064E-1
-1.56420738E-1	-4.35000509E-1
-1.55773580E-1	-4.34653640E-1
-1.55395821E-1	-4.34272110E-1
-1.54802367E-1	-4.33758795E-1
-1.54431283E-1	-4.33421880E-1
-1.54116288E-1	-4.33126032E-1
-1.53719932E-1	-4.32740659E-1
-1.53455123E-1	-4.32444811E-1
-1.53135031E-1	-4.32190329E-1
-1.52757302E-1	-4.31752145E-1
-1.52449220E-1	-4.31373060E-1
-1.52044311E-1	-4.30919796E-1
-1.51367560E-1	-4.30185437E-1
-1.50986895E-1	-4.29764062E-1
-1.50583938E-1	-4.29112732E-1
-1.50023013E-1	-4.28746462E-1
-1.49732187E-1	-4.28356141E-1
-1.49387136E-1	-4.27669287E-1
-1.48985282E-1	-4.27198261E-1
-1.48428172E-1	-4.26704377E-1
-1.47933587E-1	-4.26099241E-1
-1.47806212E-1	-4.25826102E-1
-1.47552326E-1	-4.25615609E-1
-1.47432759E-1	-4.25330818E-1
-1.47298366E-1	-4.25191939E-1
-1.47050619E-1	-4.24957573E-1
-1.46601453E-1	-4.24174786E-1
-1.45674169E-1	-4.22811449E-1
-1.45105302E-1	-4.21977997E-1
-1.44559696E-1	-4.20727760E-1
-1.44058019E-1	-4.20458853E-1
-1.43988147E-1	-4.20324564E-1
-1.43926978E-1	-4.20222014E-1
-1.43842906E-1	-4.20163065E-1
-1.43835962E-1	-4.20135885E-1
-1.43822148E-1	-4.20119971E-1
-1.43822879E-1	-4.20117021E-1
-1.43770754E-1	-4.20000821E-1
-1.43725663E-1	-4.19852436E-1
-1.43576056E-1	-4.19678330E-1
-1.43422544E-1	-4.19227391E-1
-1.43199399E-1	-4.18676198E-1
-1.42865881E-1	-4.18509752E-1
-1.42668054E-1	-4.17947710E-1
-1.42335311E-1	-4.17536795E-1
-1.42162398E-1	-4.17288423E-1
-1.42001405E-1	-4.17034298E-1
-1.41775176E-1	-4.16686088E-1
-1.41627833E-1	-4.16328669E-1
-1.41202644E-1	-4.15806860E-1
-1.40907928E-1	-4.14971143E-1
-1.40584573E-1	-4.14355785E-1
-1.40226915E-1	-4.13748533E-1
-1.39774457E-1	-4.13137436E-1
-1.39405146E-1	-4.12441015E-1
-1.39266104E-1	-4.11932647E-1
-1.38819054E-1	-4.11092311E-1
-1.38353735E-1	-4.10535723E-1
-1.38203308E-1	-4.09658462E-1
-1.37653038E-1	-4.08911586E-1
-1.37080297E-1	-4.08130705E-1
-1.36737928E-1	-4.07142878E-1
-1.36376530E-1	-4.06429052E-1
-1.35969445E-1	-4.05775517E-1
-1.35755703E-1	-4.05557483E-1
-1.35695651E-1	-4.05260354E-1
-1.35471776E-1	-4.04982388E-1
-1.35227814E-1	-4.04157043E-1
-1.34928554E-1	-4.03261423E-1
-1.34499952E-1	-4.03016269E-1
-1.34255975E-1	-4.02250856E-1
-1.33953005E-1	-4.01713759E-1
-1.33755386E-1	-4.01508510E-1
-1.33539423E-1	-4.00712550E-1
-1.33027151E-1	-3.99695426E-1
-1.32727623E-1	-3.99157166E-1
-1.32487372E-1	-3.98628205E-1
-1.31994620E-1	-3.97638798E-1
-1.31769910E-1	-3.97276342E-1
-1.31575003E-1	-3.96813810E-1
-1.31122410E-1	-3.95769387E-1
-1.30840376E-1	-3.95159900E-1
-1.30560592E-1	-3.94513637E-1
-1.30012825E-1	-3.93708527E-1
-1.29658937E-1	-3.92519504E-1
-1.29287556E-1	-3.91232371E-1
-1.28690496E-1	-3.90307099E-1
-1.28095806E-1	-3.89345348E-1
-1.27592161E-1	-3.87577891E-1
-1.27078652E-1	-3.86553735E-1
-1.26472831E-1	-3.85268897E-1
-1.26148298E-1	-3.84644777E-1
-1.25928670E-1	-3.84453535E-1
-1.25902683E-1	-3.84451300E-1
-1.25901610E-1	-3.84438604E-1
-1.25901178E-1	-3.84430915E-1
-1.25901610E-1	-3.84427875E-1
-1.25907123E-1	-3.84416074E-1
-1.25885099E-1	-3.84335220E-1
-1.25826091E-1	-3.83857906E-1
-1.25032902E-1	-3.82570535E-1
-1.24017850E-1	-3.80157024E-1
-1.23659454E-1	-3.77036840E-1
-1.22287244E-1	-3.76015186E-1
-1.21409215E-1	-3.73554081E-1
-1.20838985E-1	-3.71358275E-1
-1.20189294E-1	-3.69977146E-1
-1.19348615E-1	-3.68571788E-1
-1.18708834E-1	-3.66207570E-1
-1.18065715E-1	-3.64744037E-1
-1.17185749E-1	-3.63379419E-1
-1.16762072E-1	-3.61751288E-1
-1.16360247E-1	-3.60925287E-1
-1.15817070E-1	-3.59993726E-1
-1.15459390E-1	-3.58496159E-1
-1.14889532E-1	-3.57591778E-1
-1.14600256E-1	-3.56913567E-1
-1.14405014E-1	-3.56376022E-1
-1.14201650E-1	-3.55867326E-1
-1.14068627E-1	-3.55189264E-1
-1.13778673E-1	-3.54954243E-1
-1.13540046E-1	-3.53978485E-1
-1.13306224E-1	-3.53028595E-1
-1.13034911E-1	-3.52735221E-1
-1.12694211E-1	-3.51847291E-1
-1.12364411E-1	-3.51271421E-1
-1.12250134E-1	-3.50203156E-1
-1.11804023E-1	-3.49544793E-1
-1.11445703E-1	-3.48582327E-1
-1.11318931E-1	-3.47929984E-1
-1.10875554E-1	-3.47228259E-1
-1.10454470E-1	-3.46139640E-1
-1.10183015E-1	-3.45129877E-1
-1.09907590E-1	-3.44834596E-1
-1.09591156E-1	-3.43933731E-1
-1.09322935E-1	-3.43148619E-1
-1.09198853E-1	-3.42331052E-1
-1.08741999E-1	-3.41479123E-1
-1.08286731E-1	-3.40205997E-1
-1.08127266E-1	-3.39366347E-1
-1.07602820E-1	-3.38502109E-1
-1.06992699E-1	-3.36769044E-1
-1.06556252E-1	-3.35649490E-1
-1.06135421E-1	-3.34566116E-1
-1.05573528E-1	-3.32987279E-1
-1.05279744E-1	-3.32236588E-1
-1.05040088E-1	-3.31227571E-1
-1.04644485E-1	-3.30519497E-1
-1.04332559E-1	-3.29408973E-1
-1.03876747E-1	-3.27740520E-1
-1.03267282E-1	-3.26718420E-1
-1.02911785E-1	-3.25739473E-1
-1.02477618E-1	-3.24921250E-1
-1.02344006E-1	-3.24534625E-1
-1.02170520E-1	-3.24008346E-1
-1.01860367E-1	-3.22980642E-1
-1.01546131E-1	-3.21455270E-1
-1.00969978E-1	-3.20469975E-1
-1.00640789E-1	-3.19513977E-1
-9.94156748E-2	-3.17828625E-1
-9.91689116E-2	-3.16766590E-1
-9.89821702E-2	-3.15749705E-1
-9.87207219E-2	-3.14159125E-1
-9.84466448E-2	-3.13480705E-1
-9.82296541E-2	-3.13127905E-1
-9.81395468E-2	-3.12845796E-1
-9.80477631E-2	-3.12627256E-1
-9.78948995E-2	-3.12270999E-1
-9.77306962E-2	-3.11367959E-1
-9.73251686E-2	-3.10417503E-1
-9.69795212E-2	-3.09440732E-1
-9.65444893E-2	-3.08134615E-1
-9.62451622E-2	-3.07015896E-1
-9.60006714E-2	-3.06547523E-1
-9.57738087E-2	-3.06103796E-1
-9.56765935E-2	-3.05185467E-1
-9.53155160E-2	-3.04592043E-1
-9.51111317E-2	-3.03990453E-1
-9.47215483E-2	-3.03196132E-1
-9.45162773E-2	-3.02394927E-1
-9.43273306E-2	-3.01870883E-1
-9.39387158E-2	-3.01036507E-1
-9.36241820E-2	-2.99683481E-1
-9.33200344E-2	-2.98800051E-1
-9.27823186E-2	-2.97792315E-1
-9.24384445E-2	-2.96388388E-1
-9.21794549E-2	-2.95492232E-1
-9.18255523E-2	-2.95112133E-1
-9.16026756E-2	-2.93965816E-1
-9.13609415E-2	-2.93379068E-1
-9.09703597E-2	-2.92172074E-1
-9.05184671E-2	-2.91256636E-1
-9.03671533E-2	-2.89936334E-1
-8.98981690E-2	-2.89078355E-1
-8.95955488E-2	-2.88254857E-1
-8.90893117E-2	-2.86779881E-1
-8.89324993E-2	-2.85746396E-1
-8.82961974E-2	-2.84606189E-1
-8.76478180E-2	-2.82775044E-1
-8.74789730E-2	-2.81830192E-1
-8.69552717E-2	-2.80402005E-1
-8.66620988E-2	-2.79607177E-1
-8.63177925E-2	-2.78768331E-1
-8.60321224E-2	-2.77442724E-1
-8.57238173E-2	-2.76572227E-1
-8.54093358E-2	-2.75940567E-1
-8.52076858E-2	-2.74772644E-1
-8.49111229E-2	-2.73826957E-1
-8.45630914E-2	-2.73076773E-1
-8.43732134E-2	-2.71978974E-1
-8.40387493E-2	-2.71179318E-1
-8.39692876E-2	-2.71047622E-1
-8.38945583E-2	-2.70924598E-1
-8.39832649E-2	-2.72796810E-1
-8.46324190E-2	-2.74259031E-1
-8.53392854E-2	-2.75763273E-1
-8.55763629E-2	-2.77736545E-1
-8.60777497E-2	-2.77673215E-1
-8.58224928E-2	-2.76742905E-1
-8.49887952E-2	-2.73469746E-1
-8.41327161E-2	-2.69116819E-1
-8.32502395E-2	-2.66288370E-1
-8.20972919E-2	-2.63972014E-1
-8.18034336E-2	-2.62277842E-1
-8.12592655E-2	-2.61550575E-1
-8.08253437E-2	-2.60494053E-1
-8.04606602E-2	-2.58552432E-1
-8.00402835E-2	-2.57098913E-1
-7.93974474E-2	-2.55034328E-1
-7.88338035E-2	-2.53284931E-1
-7.86684230E-2	-2.52544522E-1
-7.82737583E-2	-2.51612127E-1
-7.78524429E-2	-2.49941602E-1
-7.76531100E-2	-2.48663634E-1
-7.70447701E-2	-2.47228682E-1
-7.66739845E-2	-2.45495781E-1
-7.62166604E-2	-2.44551778E-1
-7.59245977E-2	-2.43807241E-1
-7.56763369E-2	-2.42414013E-1
-7.51341581E-2	-2.40053266E-1
-7.46503845E-2	-2.38545597E-1
-7.40804002E-2	-2.37173185E-1
-7.35674649E-2	-2.35423103E-1
-7.34453574E-2	-2.34438717E-1
-7.31176287E-2	-2.34015629E-1
-7.28106424E-2	-2.32478768E-1
-7.22715631E-2	-2.30311051E-1
-7.17765838E-2	-2.29464263E-1
-7.12510943E-2	-2.26959452E-1
-7.06364587E-2	-2.25524724E-1
-7.02287704E-2	-2.23685652E-1
-6.99353218E-2	-2.22746566E-1
-6.96185306E-2	-2.21569210E-1
-6.93740323E-2	-2.20701411E-1
-6.90962598E-2	-2.19840080E-1
-6.86301962E-2	-2.18204126E-1
-6.81954920E-2	-2.17196077E-1
-6.80225641E-2	-2.16078505E-1
-6.74752593E-2	-2.14077041E-1
-6.69475123E-2	-2.12936416E-1
-6.67490289E-2	-2.10888341E-1
-6.61511049E-2	-2.09739417E-1
-6.57986403E-2	-2.08704606E-1
-6.54563010E-2	-2.07668990E-1
-6.52225763E-2	-2.06996873E-1
-6.50224686E-2	-2.06227362E-1
-6.47099838E-2	-2.05172896E-1
-6.44744262E-2	-2.04323471E-1
-6.41245022E-2	-2.03147784E-1
-6.38629347E-2	-2.02244848E-1
-6.35993183E-2	-2.00823843E-1
-6.30545691E-2	-1.99552685E-1
-6.26527071E-2	-1.98321074E-1
-6.21834323E-2	-1.96818203E-1
-6.20305501E-2	-1.95813701E-1
-6.16655312E-2	-1.95145115E-1
-6.14640266E-2	-1.94302693E-1
-6.13678619E-2	-1.93602189E-1
-6.10271916E-2	-1.92874044E-1
-6.06699698E-2	-1.91497818E-1
-6.04059510E-2	-1.90680251E-1
-6.02033027E-2	-1.89959973E-1
-5.98795302E-2	-1.88775375E-1
-5.97006977E-2	-1.87888786E-1
-5.95145263E-2	-1.87041864E-1
-5.89978173E-2	-1.85754642E-1
-5.85156903E-2	-1.84111059E-1
-5.81567287E-2	-1.82973921E-1
-5.78489639E-2	-1.81952477E-1
-5.75196706E-2	-1.80886135E-1
-5.73392622E-2	-1.80004895E-1
-5.71381971E-2	-1.79608867E-1
-5.67868575E-2	-1.78410813E-1
-5.64183779E-2	-1.77106112E-1
-5.62601909E-2	-1.76005542E-1
-5.57331741E-2	-1.75022051E-1
-5.53186946E-2	-1.73694134E-1
-5.51833734E-2	-1.72704592E-1
-5.46753816E-2	-1.71577230E-1
-5.43570369E-2	-1.69854432E-1
-5.37897088E-2	-1.68549567E-1
-5.33876792E-2	-1.67370081E-1
-5.29939495E-2	-1.66218311E-1
-5.28375581E-2	-1.65590242E-1
-5.27296588E-2	-1.65145546E-1
-5.25130369E-2	-1.64665192E-1
-5.22011556E-2	-1.63515672E-1
-5.20548709E-2	-1.62436694E-1
-5.15020564E-2	-1.61264658E-1
-5.08916266E-2	-1.59895197E-1
-5.04894778E-2	-1.57990664E-1
-5.01533933E-2	-1.57032251E-1
-4.97570299E-2	-1.56057641E-1
-4.95331101E-2	-1.54903546E-1
-4.93323617E-2	-1.54275358E-1
-4.90207225E-2	-1.53580323E-1
-4.86797169E-2	-1.52399033E-1
-4.85543497E-2	-1.50833651E-1
-4.80081029E-2	-1.50207385E-1
-4.74410765E-2	-1.48457006E-1
-4.71461192E-2	-1.47194847E-1
-4.68864888E-2	-1.46902248E-1
-4.66952026E-2	-1.46315426E-1
-4.65725251E-2	-1.45880267E-1
-4.65174764E-2	-1.45556033E-1
-4.63772081E-2	-1.45179287E-1
-4.61275578E-2	-1.44026205E-1
-4.59718816E-2	-1.42856061E-1
-4.53915559E-2	-1.41625166E-1
-4.49539758E-2	-1.39378816E-1
-4.42226380E-2	-1.38131544E-1
-4.38839197E-2	-1.37219101E-1
-4.35232893E-2	-1.36510000E-1
-4.33298238E-2	-1.35679677E-1
-4.32218276E-2	-1.35374278E-1
-4.31891792E-2	-1.35311961E-1
-4.31752577E-2	-1.35262728E-1
-4.31692041E-2	-1.35240272E-1
-4.31775004E-2	-1.35273248E-1
-4.31781486E-2	-1.35268718E-1
-4.31676134E-2	-1.35231853E-1
-4.31619026E-2	-1.35195792E-1
-4.31430042E-2	-1.35155618E-1
-4.31291424E-2	-1.35085061E-1
-4.31008153E-2	-1.34683982E-1
-4.29608859E-2	-1.34407297E-1
-4.27925438E-2	-1.33991882E-1
-4.26176339E-2	-1.33209050E-1
-4.24647033E-2	-1.32905096E-1
-4.22221534E-2	-1.32270128E-1
-4.18416746E-2	-1.31094873E-1
-4.17103134E-2	-1.30155221E-1
-4.11188342E-2	-1.28155649E-1
-4.04949859E-2	-1.26992807E-1
-4.03360017E-2	-1.25537932E-1
-3.98217365E-2	-1.24568865E-1
-3.95125300E-2	-1.23520173E-1
-3.90385017E-2	-1.22214012E-1
-3.87588404E-2	-1.21374480E-1
-3.83914113E-2	-1.20210029E-1
-3.81163210E-2	-1.19542599E-1
-3.78959328E-2	-1.18813269E-1
-3.74138691E-2	-1.17152818E-1
-3.68501469E-2	-1.15419202E-1
-3.62746194E-2	-1.13156177E-1
-3.55247669E-2	-1.11687504E-1
-3.49342562E-2	-1.09906688E-1
-3.41292210E-2	-1.07778780E-1
-3.39248851E-2	-1.06616780E-1
-3.32039185E-2	-1.05060391E-1
-3.24598737E-2	-1.03606135E-1
-3.22393328E-2	-9.87591743E-2
-3.14976014E-2	-9.82889384E-2
-3.07997689E-2	-9.77703109E-2
-3.04335151E-2	-9.65463147E-2
-3.00268345E-2	-9.54761282E-2
-2.96009239E-2	-9.43516344E-2
-2.92670988E-2	-9.36999097E-2
-2.91630030E-2	-9.32521522E-2
-2.90449709E-2	-9.31598395E-2
-2.90362239E-2	-9.31356698E-2
-2.90365890E-2	-9.31461751E-2
-2.90383194E-2	-9.30179879E-2
-2.89369859E-2	-9.25325304E-2
-2.85796169E-2	-9.13507417E-2
-2.82708220E-2	-9.04446170E-2
-2.77234800E-2	-8.88682008E-2
-2.74198055E-2	-8.80916044E-2
-2.71588452E-2	-8.72711316E-2
-2.68640388E-2	-8.61128792E-2
-2.64960732E-2	-8.55187178E-2
-2.62396317E-2	-8.47030282E-2
-2.57639661E-2	-8.34577754E-2
-2.54214276E-2	-8.24181885E-2
-2.48166900E-2	-8.08012113E-2
-2.44910680E-2	-7.99795389E-2
-2.40386091E-2	-7.88098946E-2
-2.37933025E-2	-7.80266225E-2
-2.34877001E-2	-7.69271180E-2
-2.28167232E-2	-7.50973225E-2
-2.22354308E-2	-7.40740150E-2
-2.20534727E-2	-7.30242655E-2
-2.15329565E-2	-7.17798918E-2
-2.12318450E-2	-7.09339976E-2
-2.06751283E-2	-6.98406100E-2
-2.02582199E-2	-6.82542920E-2
-1.99273527E-2	-6.72444999E-2
-1.96184795E-2	-6.69930726E-2
-1.94166601E-2	-6.58494160E-2
-1.90172754E-2	-6.40342981E-2
-1.82711557E-2	-6.33676499E-2
-1.77401323E-2	-6.11505248E-2
-1.71424542E-2	-5.91650829E-2
-1.64834801E-2	-5.83915934E-2
-1.61251463E-2	-5.77401556E-2
-1.60005540E-2	-5.69044091E-2
-1.57220289E-2	-5.65655194E-2
-1.56024126E-2	-5.63624129E-2
-1.55629301E-2	-5.58627211E-2
-1.53680732E-2	-5.55403158E-2
-1.52118830E-2	-5.52741773E-2
-1.51192443E-2	-5.48894815E-2
-1.49395997E-2	-5.42384088E-2
-1.43115083E-2	-5.24960868E-2
-1.35477539E-2	-5.11790551E-2
-1.32846739E-2	-4.96671088E-2
-1.23737575E-2	-4.75216061E-2
-1.18294330E-2	-4.66259569E-2
-1.16856620E-2	-4.52059209E-2
-1.10949026E-2	-4.41624150E-2
-1.03434483E-2	-4.28366251E-2
-9.84167587E-3	-4.07383367E-2
-9.28070862E-3	-3.94741483E-2
-8.54359288E-3	-3.76902372E-2
-8.09848215E-3	-3.69455554E-2
-7.95568060E-3	-3.62261310E-2
-7.50853121E-3	-3.50999124E-2
-7.03922473E-3	-3.42230499E-2
-6.84829988E-3	-3.32297012E-2
-6.31538127E-3	-3.21044028E-2
-6.08276948E-3	-3.17828506E-2
-6.01252215E-3	-3.16327699E-2
-6.08324632E-3	-3.18695121E-2
-6.15480728E-3	-3.19138579E-2
-6.01077033E-3	-3.11843250E-2
-5.55437431E-3	-2.96960119E-2
-4.36657434E-3	-2.63259653E-2
-3.40680988E-3	-2.37364173E-2
-2.43992195E-3	-1.95998512E-2
-1.17200636E-3	-1.75241716E-2
-6.57100638E-4	-1.60615053E-2
-2.13431267E-4	-1.47249093E-2
-4.02770311E-5	-1.44092543E-2
-6.38751908E-6	-1.43699981E-2
-5.94658059E-6	-1.43500697E-2
-5.45363537E-6	-1.43328439E-2
-5.18172419E-6	-1.43121760E-2
-4.76000741E-6	-1.43013839E-2
-4.47452885E-6	-1.42864808E-2
-4.30776436E-6	-1.42683592E-2
-4.14947908E-6	-1.42578091E-2
-3.98554084E-6	-1.42433383E-2
-3.99062856E-6	-1.42397778E-2
-3.96292853E-6	-1.42342662E-2
-3.72154386E-6	-1.42299412E-2
-3.68253791E-6	-1.42256152E-2
-3.53499377E-6	-1.42194517E-2
-3.25912538E-6	-1.42173423E-2
-3.13419309E-6	-1.42146368E-2
-3.06805259E-6	-1.42102633E-2
-3.00813031E-6	-1.42073184E-2
-3.04657101E-6	-1.42047144E-2
-2.95216523E-6	-1.42008215E-2
-2.93916332E-6	-1.41981617E-2
-2.88432875E-6	-1.41967721E-2
-2.88941646E-6	-1.41934836E-2
-2.93294488E-6	-1.41902212E-2
-2.89902664E-6	-1.41875464E-2
-2.75204775E-6	-1.41825322E-2
-2.57793408E-6	-1.41780199E-2
-2.37894710E-6	-1.41768837E-2
-2.30489218E-6	-1.41760176E-2
-2.25288431E-6	-1.41755184E-2
-2.25684153E-6	-1.41755110E-2
-2.21727009E-6	-1.41750071E-2
-2.05502806E-6	-1.41740544E-2
-2.08668507E-6	-1.41716413E-2
-1.95327334E-6	-1.41685437E-2
-1.97079771E-6	-1.41634438E-2
-1.98606085E-6	-1.41584827E-2
-1.91313666E-6	-1.41564654E-2
-1.93631422E-6	-1.41553786E-2
-2.07594417E-6	-1.41548570E-2
-1.62652736E-6	-1.41530400E-2
-8.26056691E-7	-1.41504798E-2
-2.91279008E-7	-1.41433245E-2
4.33440817E-7	-1.41395712E-2
6.98003078E-7	-1.41365426E-2
8.16716920E-7	-1.41323302E-2
7.69231406E-7	-1.41302636E-2
8.00323107E-7	-1.41270775E-2
6.30731904E-7	-1.41249904E-2
5.06930348E-7	-1.41234826E-2
6.26209498E-7	-1.41193438E-2
4.98450788E-7	-1.41177895E-2
5.84942313E-7	-1.41177261E-2
6.98568385E-7	-1.41170984E-2
6.83870496E-7	-1.41174141E-2
8.09367975E-7	-1.41166141E-2
8.81726919E-7	-1.41160786E-2
8.36502579E-7	-1.41175436E-2
7.79406889E-7	-1.41144851E-2
7.81102756E-7	-1.41125349E-2
7.27964220E-7	-1.41066266E-2
7.92974163E-7	-1.41058499E-2
9.73306101E-7	-1.41009670E-2
1.00270199E-6	-1.41026275E-2
1.06488540E-6	-1.41015230E-2
1.02022636E-6	-1.40999164E-2
9.76132696E-7	-1.40990894E-2
9.26951202E-7	-1.40998345E-2
8.64767799E-7	-1.40981684E-2
7.92974163E-7	-1.40961716E-2
7.99192492E-7	-1.40940286E-2
7.81668064E-7	-1.40900025E-2
8.43851524E-7	-1.40892770E-2
8.57418797E-7	-1.40889632E-2
8.37633195E-7	-1.40891215E-2
8.29153635E-7	-1.40890619E-2
8.47243371E-7	-1.40871014E-2
8.80031507E-7	-1.40848132E-2
9.50694869E-7	-1.40825305E-2
1.06036441E-6	-1.40814791E-2
1.00722616E-6	-1.40786935E-2
1.01344449E-6	-1.40766697E-2
9.20169271E-7	-1.40731102E-2
9.35997775E-7	-1.40708936E-2
9.41650853E-7	-1.40688745E-2
9.60871148E-7	-1.40682384E-2
9.58609917E-7	-1.40688298E-2
9.28648831E-7	-1.40675940E-2
7.63580033E-7	-1.40696177E-2
8.38200208E-7	-1.40696615E-2
8.93034667E-7	-1.40688261E-2
9.86309828E-7	-1.40684377E-2
1.16720719E-6	-1.40674654E-2
1.10954613E-6	-1.40649043E-2
1.05018921E-6	-1.40601890E-2
8.26894109E-7	-1.40536418E-2
7.70928978E-7	-1.40434932E-2
8.19545164E-7	-1.40339006E-2
7.84496308E-7	-1.40299760E-2
2.70822625E-6	-1.40245613E-2
2.98579062E-6	-1.40194828E-2
3.51265408E-6	-1.40165677E-2
4.14014175E-6	-1.40133463E-2
4.23963502E-6	-1.40152629E-2
2.68674466E-6	-1.40172392E-2
2.64378150E-6	-1.40185216E-2
2.57481452E-6	-1.40166115E-2
2.55672467E-6	-1.40178204E-2
2.52732889E-6	-1.40159661E-2
2.53580856E-6	-1.40147097E-2
2.45949241E-6	-1.40126338E-2
2.43235786E-6	-1.40128015E-2
2.56972680E-6	-1.40086785E-2
2.60081856E-6	-1.40073420E-2
2.65339099E-6	-1.40049569E-2
2.64095297E-6	-1.40063670E-2
2.56520093E-6	-1.40089663E-2
2.45948877E-6	-1.40091283E-2
2.40748045E-6	-1.40105737E-2
2.40013151E-6	-1.40110496E-2
2.45553133E-6	-1.39968684E-2
2.40691520E-6	-1.39815882E-2
2.48040465E-6	-1.39382510E-2
2.56520025E-6	-1.39193628E-2
2.54315341E-6	-1.39101604E-2
2.75401180E-6	-1.39227919E-2
2.68787107E-6	-1.39188161E-2
3.11580629E-6	-1.39030172E-2
3.16555293E-6	-1.38988867E-2
3.15876923E-6	-1.38970241E-2
3.17572835E-6	-1.39100701E-2
2.60307570E-6	-1.39363473E-2
2.56237377E-6	-1.39385136E-2
2.54428392E-6	-1.39408167E-2
2.44535590E-6	-1.39418812E-2
2.54824113E-6	-1.39440177E-2
2.48831884E-6	-1.39469039E-2
2.53693497E-6	-1.39477346E-2
2.50414746E-6	-1.39485421E-2
2.44705166E-6	-1.39496364E-2
2.43518025E-6	-1.39497193E-2
2.40578447E-6	-1.39484908E-2
2.54428392E-6	-1.39466980E-2
2.61890409E-6	-1.39452564E-2
2.53693497E-6	-1.39442571E-2
2.59403078E-6	-1.39442394E-2
2.44987814E-6	-1.39448848E-2
2.38317239E-6	-1.39443399E-2
2.44874764E-6	-1.39448093E-2
2.41426415E-6	-1.39460340E-2
2.35999482E-6	-1.39459148E-2
2.39391238E-6	-1.39468322E-2
2.44987609E-6	-1.39466710E-2
2.36338383E-6	-1.39454231E-2
2.44139505E-6	-1.39443325E-2
2.56576141E-6	-1.39434598E-2
2.46683339E-6	-1.39427474E-2
2.45100478E-6	-1.39421010E-2
2.51997176E-6	-1.39422361E-2
2.46287618E-6	-1.39421374E-2
2.50075141E-6	-1.39417294E-2
2.51771053E-6	-1.39055252E-2
2.33933795E-4	-1.28354421E-2
9.22486070E-4	-1.11908307E-2
1.47430436E-3	-8.33933149E-3
2.11693696E-3	-6.12133788E-3
3.02808941E-3	-3.12745501E-3
3.50593030E-3	-1.08339079E-3
4.25247196E-3	-3.71649483E-4
4.79677785E-3	1.77356659E-3
5.78546431E-3	3.36801657E-3
6.31650584E-3	4.14150534E-3
6.81887614E-3	4.82094660E-3
7.59535376E-3	5.55934897E-3
7.78126810E-3	6.10631658E-3
8.39100126E-3	6.29499368E-3
8.95397924E-3	6.77510025E-3
9.23097879E-3	7.02677574E-3
9.49382782E-3	7.08852895E-3
9.83834732E-3	7.25389877E-3
1.02434037E-2	7.35976314E-3
1.03929630E-2	7.43701821E-3
1.08884778E-2	7.40961358E-3
1.13849621E-2	7.25314487E-3
1.15692932E-2	7.07544712E-3
1.21169873E-2	6.84660859E-3
1.24997096E-2	6.37283269E-3
1.27531597E-2	5.74564422E-3
1.29942391E-2	5.50636556E-3
1.33620379E-2	4.38076537E-3
1.37137370E-2	3.00746458E-3
1.38353640E-2	1.78347074E-3
1.43378563E-2	9.54784482E-5
1.47748301E-2	-2.22576107E-3
1.49233816E-2	-4.33216197E-3
1.53559567E-2	-4.99794073E-3
1.55199021E-2	-6.41801720E-3
1.58136040E-2	-7.88032264E-3
1.61025152E-2	-9.09966975E-3
1.65840890E-2	-1.04254130E-2
1.69527847E-2	-1.24634393E-2
1.72852129E-2	-1.38996495E-2
1.79879367E-2	-1.56089850E-2
1.85415801E-2	-1.89476255E-2
1.91693250E-2	-2.23526116E-2
2.00213250E-2	-2.33824421E-2
2.05438808E-2	-2.57944372E-2
2.07316484E-2	-2.69740988E-2
2.09109373E-2	-2.78083291E-2
2.14399695E-2	-2.92864628E-2
2.18155365E-2	-3.16049084E-2
2.22368613E-2	-3.33037600E-2
2.28446722E-2	-3.50749716E-2
2.32904684E-2	-3.72970104E-2
2.34883130E-2	-3.99119779E-2
2.41971575E-2	-4.07724865E-2
2.46550608E-2	-4.34594303E-2
2.52766758E-2	-4.54389155E-2
2.55600866E-2	-4.58993725E-2
2.57657710E-2	-4.68386747E-2
2.58039478E-2	-4.71068323E-2
2.57971752E-2	-4.65163663E-2
2.51052361E-2	-4.56753559E-2
2.51248069E-2	-4.62242551E-2
2.53351573E-2	-4.71248776E-2
2.58841813E-2	-4.84653227E-2
2.69518513E-2	-5.24464399E-2
2.78154537E-2	-5.39187156E-2
2.80986894E-2	-5.48825189E-2
2.83363070E-2	-5.61148301E-2
2.85810977E-2	-5.66655584E-2
2.87847929E-2	-5.80163673E-2
2.92349849E-2	-5.94437122E-2
2.98946556E-2	-6.15713745E-2
3.03495992E-2	-6.30823150E-2
3.11415996E-2	-6.46228194E-2
3.16893086E-2	-6.64345995E-2
3.20666395E-2	-6.75609559E-2
3.24616656E-2	-6.86455593E-2
3.32218446E-2	-7.09472969E-2
3.37882005E-2	-7.25950897E-2
3.43740769E-2	-7.51706809E-2
3.51820327E-2	-7.66454116E-2
3.57261747E-2	-7.84014910E-2
3.59110646E-2	-7.96490610E-2
3.66384499E-2	-8.10546130E-2
3.71467173E-2	-8.32939297E-2
3.79037261E-2	-8.44842046E-2
3.83218117E-2	-8.55093226E-2
3.86034250E-2	-8.67650956E-2
3.90897766E-2	-8.77664015E-2
3.94673683E-2	-8.93882960E-2
3.99866737E-2	-9.02732685E-2
4.03355025E-2	-9.15593728E-2
4.05841284E-2	-9.24236402E-2
4.09601554E-2	-9.27875414E-2
4.12712246E-2	-9.41976458E-2
4.17873114E-2	-9.55538005E-2
4.20931354E-2	-9.63057801E-2
4.24629301E-2	-9.70799923E-2
4.26342860E-2	-9.77393612E-2
4.27646451E-2	-9.82018337E-2
4.30749319E-2	-9.91989523E-2
4.32863757E-2	-9.97311398E-2
4.35078070E-2	-1.00927420E-1
4.38253134E-2	-1.01732485E-1
4.42963578E-2	-1.03082351E-1
4.48023863E-2	-1.04139969E-1
4.49914522E-2	-1.05095811E-1
4.56239171E-2	-1.06519952E-1
4.64394242E-2	-1.08166449E-1
4.67075929E-2	-1.10583566E-1
4.75071743E-2	-1.12188824E-1
4.81148362E-2	-1.14091612E-1
4.83896993E-2	-1.14864692E-1
4.85778973E-2	-1.15411371E-1
4.88748513E-2	-1.16306931E-1
4.92044799E-2	-1.17451109E-1
4.93394807E-2	-1.21810265E-1
4.98493984E-2	-1.21868946E-1
5.03794551E-2	-1.22349016E-1
5.07627130E-2	-1.22639336E-1
5.13041727E-2	-1.23813435E-1
5.16110696E-2	-1.25112131E-1
5.18626086E-2	-1.25841528E-1
5.22791818E-2	-1.26725256E-1
5.26391752E-2	-1.28188521E-1
5.30674495E-2	-1.29480347E-1
5.33530414E-2	-1.29896462E-1
5.35586812E-2	-1.30740926E-1
5.37413508E-2	-1.31198242E-1
5.38619831E-2	-1.31743848E-1
5.40736392E-2	-1.32570282E-1
5.45247979E-2	-1.34036079E-1
5.48508614E-2	-1.35176226E-1
5.55410162E-2	-1.36720568E-1
5.60059026E-2	-1.38802692E-1
5.65744191E-2	-1.39979735E-1
5.69250360E-2	-1.41046539E-1
5.71926199E-2	-1.42227396E-1
5.75032681E-2	-1.43259287E-1
5.77244274E-2	-1.44030929E-1
5.81762381E-2	-1.45404845E-1
5.84562980E-2	-1.46340743E-1
5.87854646E-2	-1.47439241E-1
5.93285188E-2	-1.49078161E-1
5.95880486E-2	-1.50100484E-1
5.99304251E-2	-1.50856540E-1
6.00628220E-2	-1.51505142E-1
6.03635162E-2	-1.52414262E-1
6.07063584E-2	-1.53248638E-1
6.08543828E-2	-1.54161662E-1
6.13463335E-2	-1.55616432E-1
6.17851205E-2	-1.57051638E-1
6.20694980E-2	-1.57479659E-1
6.23652898E-2	-1.59092605E-1
6.28600344E-2	-1.60215080E-1
6.32497594E-2	-1.62181094E-1
6.36602268E-2	-1.63620591E-1
6.43116087E-2	-1.64882302E-1
6.47041053E-2	-1.66188493E-1
6.49604201E-2	-1.67124823E-1
6.52054474E-2	-1.68277130E-1
6.54460117E-2	-1.68837115E-1
6.56409338E-2	-1.69507265E-1
6.58218488E-2	-1.70286790E-1
6.61061704E-2	-1.70941755E-1
6.63179606E-2	-1.72085494E-1
6.66057765E-2	-1.72961503E-1
6.70732632E-2	-1.74474806E-1
6.73848838E-2	-1.75573081E-1
6.77685142E-2	-1.76837072E-1
6.83828443E-2	-1.78851858E-1
6.87841177E-2	-1.80134267E-1
6.92588165E-2	-1.81232870E-1
6.94866627E-2	-1.82496205E-1
6.97064474E-2	-1.83394045E-1
6.98842779E-2	-1.83685720E-1
6.99600428E-2	-1.83954060E-1
7.00377375E-2	-1.84517547E-1
7.04184398E-2	-1.86037913E-1
7.11059049E-2	-1.88506797E-1
7.22809583E-2	-1.92422733E-1
7.30611831E-2	-1.96132049E-1
7.38992691E-2	-1.97248191E-1
7.40587860E-2	-1.97907656E-1
7.42515251E-2	-1.98482960E-1
7.45173991E-2	-1.99428022E-1
7.48761445E-2	-2.01318607E-1
7.54605457E-2	-2.02597558E-1
7.59508908E-2	-2.05123425E-1
7.65129924E-2	-2.07241058E-1
7.74678364E-2	-2.10377693E-1
7.81107619E-2	-2.12417260E-1
7.89072290E-2	-2.14095518E-1
7.94545040E-2	-2.16098100E-1
8.00247118E-2	-2.18832135E-1
8.08021426E-2	-2.20521361E-1
8.13462734E-2	-2.23481953E-1
8.19558799E-2	-2.25191683E-1
8.26525018E-2	-2.27644265E-1
8.31231400E-2	-2.29402602E-1
8.38513002E-2	-2.31666625E-1
8.42240080E-2	-2.32852548E-1
8.47516954E-2	-2.34049812E-1
8.49477798E-2	-2.36264750E-1
8.56441855E-2	-2.37819538E-1
8.63482058E-2	-2.39354372E-1
8.65623802E-2	-2.41610199E-1
8.72550756E-2	-2.43802682E-1
8.77038911E-2	-2.45283812E-1
8.83920193E-2	-2.46805638E-1
8.88386816E-2	-2.48191237E-1
8.93150046E-2	-2.49692038E-1
8.96177217E-2	-2.50689328E-1
8.98927972E-2	-2.52603471E-1
9.05006453E-2	-2.53807247E-1
9.10190716E-2	-2.54965872E-1
9.11524817E-2	-2.56592482E-1
9.17204618E-2	-2.58400291E-1
9.26376209E-2	-2.59056360E-1
9.29366872E-2	-2.61724025E-1
9.36101675E-2	-2.64537781E-1
9.44240093E-2	-2.65969247E-1
9.50968415E-2	-2.67358154E-1
9.53181535E-2	-2.69134551E-1
9.58808064E-2	-2.70237207E-1
9.64458287E-2	-2.71327198E-1
9.68276039E-2	-2.72521436E-1
9.72826630E-2	-2.75436401E-1
9.81482342E-2	-2.77203918E-1
9.87655148E-2	-2.79139370E-1
9.94034261E-2	-2.81557202E-1
1.00123771E-1	-2.83266425E-1
1.00587681E-1	-2.83712387E-1
1.00743458E-1	-2.85313576E-1
1.01332039E-1	-2.87145495E-1
1.02000430E-1	-2.88485020E-1
1.02486476E-1	-2.89861023E-1
1.02935687E-1	-2.91560501E-1
1.03448048E-1	-2.92553306E-1
1.03757910E-1	-2.93543279E-1
1.04210347E-1	-2.94975579E-1
1.04538336E-1	-2.96420276E-1
1.05060309E-1	-2.96978682E-1
1.05378695E-1	-2.98291892E-1
1.05710715E-1	-2.99741864E-1
1.06289878E-1	-3.00851643E-1
1.06671110E-1	-3.02695990E-1
1.07349195E-1	-3.03964674E-1
1.07755937E-1	-3.05078447E-1
1.08110666E-1	-3.06444287E-1
1.08616270E-1	-3.07786793E-1
1.08939692E-1	-3.08802962E-1
1.09531552E-1	-3.10061991E-1
1.09964274E-1	-3.12006861E-1
1.10558838E-1	-3.13585907E-1
1.10899054E-1	-3.14054638E-1
1.11215509E-1	-3.15455705E-1
1.11618429E-1	-3.16615969E-1
1.11917213E-1	-3.17394376E-1
1.12163126E-1	-3.18242133E-1
1.12457767E-1	-3.19217950E-1
1.12857290E-1	-3.19973379E-1
1.13215692E-1	-3.21170658E-1
1.13359451E-1	-3.21889579E-1
1.13747127E-1	-3.23125601E-1
1.14199996E-1	-3.23597372E-1
1.14360631E-1	-3.25184613E-1
1.14897512E-1	-3.26073229E-1
1.15404382E-1	-3.27107161E-1
1.15720153E-1	-3.28577787E-1
1.16043329E-1	-3.29957515E-1
1.16546556E-1	-3.30854982E-1
1.16929337E-1	-3.31669271E-1
1.17085010E-1	-3.33063275E-1
1.17542215E-1	-3.34279239E-1
1.17803641E-1	-3.34706485E-1
1.18161708E-1	-3.36597741E-1
1.18785821E-1	-3.37956786E-1
1.19015418E-1	-3.38496447E-1
1.19310901E-1	-3.39231104E-1
1.19489372E-1	-3.39663982E-1
1.19540557E-1	-3.40015709E-1
1.19874947E-1	-3.40357065E-1
1.19515136E-1	-3.39523464E-1
1.19121090E-1	-3.38386148E-1
1.18802778E-1	-3.37958813E-1
1.18353501E-1	-3.36857408E-1
1.18233800E-1	-3.36908102E-1
1.18296087E-1	-3.37321103E-1
1.18789576E-1	-3.38862866E-1
1.20004989E-1	-3.42606127E-1
1.21120438E-1	-3.45503122E-1
1.22211531E-1	-3.48277688E-1
1.23436876E-1	-3.51114571E-1
1.23892061E-1	-3.52021396E-1
1.24097757E-1	-3.52607816E-1
1.24752022E-1	-3.54798496E-1
1.25611320E-1	-3.57267767E-1
1.26302496E-1	-3.58157814E-1
1.27047718E-1	-3.61223221E-1
1.27953723E-1	-3.63427967E-1
1.28459916E-1	-3.64730924E-1
1.29103839E-1	-3.65924150E-1
1.29449785E-1	-3.67566407E-1
1.29858613E-1	-3.69281381E-1
1.30580306E-1	-3.70681167E-1
1.31357834E-1	-3.72044653E-1
1.31782323E-1	-3.73574227E-1
1.32154167E-1	-3.74526590E-1
1.32878453E-1	-3.76525104E-1
1.33752093E-1	-3.77264351E-1
1.34078965E-1	-3.79696608E-1
1.35019481E-1	-3.82151157E-1
1.35600105E-1	-3.83652240E-1
1.36302963E-1	-3.86325479E-1
1.37613982E-1	-3.88387442E-1
1.38945952E-1	-3.90450537E-1
1.39679477E-1	-3.92927438E-1
1.40372232E-1	-3.94211322E-1
1.41198128E-1	-3.96032304E-1
1.41763389E-1	-3.97837728E-1
1.42364264E-1	-3.98359954E-1
1.42978415E-1	-3.99539560E-1
1.43252194E-1	-3.99961621E-1
1.43336177E-1	-4.00461614E-1
1.43569067E-1	-4.00882512E-1
1.43997967E-1	-4.01773930E-1
1.44341961E-1	-4.02393907E-1
1.44677997E-1	-4.02975380E-1
1.45205051E-1	-4.03932363E-1
1.45761266E-1	-4.05025065E-1
1.46290377E-1	-4.05915350E-1
1.46797046E-1	-4.06754762E-1
1.47498697E-1	-4.07883286E-1
1.47946849E-1	-4.08550382E-1
1.48394436E-1	-4.09172654E-1
1.48944005E-1	-4.10039395E-1
1.49343967E-1	-4.10983384E-1
1.50057897E-1	-4.11690146E-1
1.50719181E-1	-4.12630469E-1
1.51190907E-1	-4.13259447E-1
1.51605040E-1	-4.13752973E-1
1.52014270E-1	-4.14290428E-1
1.52225688E-1	-4.14543808E-1
1.52388245E-1	-4.14702237E-1
1.52626172E-1	-4.15048152E-1
1.52878523E-1	-4.15522933E-1
1.53132156E-1	-4.15866017E-1
1.53572246E-1	-4.16263402E-1
1.54132158E-1	-4.16926950E-1
1.54492110E-1	-4.17337745E-1
1.54847488E-1	-4.17711824E-1
1.55268684E-1	-4.18216437E-1
1.55662537E-1	-4.18704212E-1
1.55971810E-1	-4.18863803E-1
1.56357497E-1	-4.19415355E-1
1.56951547E-1	-4.19942051E-1
1.57265812E-1	-4.20185834E-1
1.57526881E-1	-4.20325428E-1
1.57581806E-1	-4.20444667E-1
1.57633558E-1	-4.20559704E-1
1.57892004E-1	-4.20727462E-1
1.58337593E-1	-4.21138763E-1
1.58702061E-1	-4.21640247E-1
1.59133226E-1	-4.22009110E-1
1.59815460E-1	-4.22407240E-1
1.60438329E-1	-4.22918767E-1
1.60662040E-1	-4.23226863E-1
1.61143243E-1	-4.23465997E-1
1.61426097E-1	-4.23713088E-1
1.61631003E-1	-4.23899829E-1
1.61841854E-1	-4.23942298E-1
1.62103638E-1	-4.24228132E-1
1.62448734E-1	-4.24559414E-1
1.62748203E-1	-4.24750984E-1
1.63316712E-1	-4.25169766E-1
1.63970128E-1	-4.25427109E-1
1.64398834E-1	-4.25642610E-1
1.64784238E-1	-4.25962538E-1
1.65238693E-1	-4.26103175E-1
1.65484801E-1	-4.26256448E-1
1.65780008E-1	-4.26383138E-1
1.66110367E-1	-4.26713318E-1
1.66592896E-1	-4.26973224E-1
1.67340070E-1	-4.27213341E-1
1.68061107E-1	-4.27553922E-1
1.68465883E-1	-4.27781522E-1
1.68814689E-1	-4.27912891E-1
1.69543773E-1	-4.28115994E-1
1.70061603E-1	-4.28394884E-1
1.70555115E-1	-4.28552449E-1
1.71175301E-1	-4.28762108E-1
1.71546906E-1	-4.28823829E-1
1.71624318E-1	-4.28903967E-1
1.71948910E-1	-4.28981155E-1
1.72301799E-1	-4.29077089E-1
1.72534049E-1	-4.29185808E-1
1.72798768E-1	-4.29231614E-1
1.73287407E-1	-4.29390401E-1
1.73612088E-1	-4.29555088E-1
1.73972830E-1	-4.29601640E-1
1.74211934E-1	-4.29655313E-1
1.74036533E-1	-4.29613054E-1
1.73991963E-1	-4.29582298E-1
1.73758820E-1	-4.29542124E-1
1.73650697E-1	-4.29552168E-1
1.73732638E-1	-4.29586381E-1
1.73807412E-1	-4.29627270E-1
1.74284071E-1	-4.29798782E-1
1.75075337E-1	-4.30054009E-1
1.75460860E-1	-4.30278897E-1
1.76822573E-1	-4.30518389E-1
1.78170562E-1	-4.30838138E-1
1.79036066E-1	-4.31013376E-1
1.79759592E-1	-4.31220531E-1
1.80597499E-1	-4.31324601E-1
1.81056291E-1	-4.31431830E-1
1.81531206E-1	-4.31537211E-1
1.82695746E-1	-4.31652158E-1
1.83793902E-1	-4.31806892E-1
1.84157327E-1	-4.31915492E-1
1.85540691E-1	-4.32108909E-1
1.86758548E-1	-4.32214499E-1
1.87612742E-1	-4.32320565E-1
1.88692331E-1	-4.32476223E-1
1.89131364E-1	-4.32575852E-1
1.89482644E-1	-4.32639927E-1
1.90004662E-1	-4.32707667E-1
1.90567747E-1	-4.32799131E-1
1.90926224E-1	-4.32870030E-1
1.91271231E-1	-4.32893485E-1
1.91872969E-1	-4.32976186E-1
1.92476362E-1	-4.33053762E-1
1.92697644E-1	-4.33109909E-1
1.93254039E-1	-4.33159411E-1
1.93680599E-1	-4.33206201E-1
1.93827376E-1	-4.33233351E-1
1.94289565E-1	-4.33257699E-1
1.94709733E-1	-4.33279663E-1
1.94917142E-1	-4.33289260E-1
1.95212021E-1	-4.33294088E-1
1.95361778E-1	-4.33299303E-1
1.95609882E-1	-4.33308661E-1
1.95797667E-1	-4.33318406E-1
1.96071729E-1	-4.33353871E-1
1.96633682E-1	-4.33377326E-1
1.97021320E-1	-4.33400035E-1
1.97592705E-1	-4.33437169E-1
1.97852612E-1	-4.33455437E-1
1.98037878E-1	-4.33470398E-1
1.98435187E-1	-4.33496177E-1
1.99112028E-1	-4.33549166E-1
1.99630678E-1	-4.33598220E-1
2.00114205E-1	-4.33610559E-1
2.00774938E-1	-4.33650851E-1
2.01568142E-1	-4.33691412E-1
2.01856121E-1	-4.33722049E-1
2.02701941E-1	-4.33754534E-1
2.03486279E-1	-4.33785945E-1
2.03870028E-1	-4.33797568E-1
2.04304159E-1	-4.33809191E-1
2.05249742E-1	-4.33839649E-1
2.05974147E-1	-4.33866322E-1
2.06692487E-1	-4.33872521E-1
2.07634494E-1	-4.33882892E-1
2.08254471E-1	-4.33877885E-1
2.08387122E-1	-4.33882654E-1
2.08794475E-1	-4.33892936E-1
2.09141612E-1	-4.33919102E-1
2.09373325E-1	-4.33940858E-1
2.09794119E-1	-4.33966368E-1
2.10267559E-1	-4.33981806E-1
2.10408971E-1	-4.33998644E-1
2.10859999E-1	-4.34009463E-1
2.11305276E-1	-4.34024096E-1
2.11618096E-1	-4.34033513E-1
2.11911261E-1	-4.34043944E-1
2.12288991E-1	-4.34055001E-1
2.12677971E-1	-4.34072137E-1
2.12979302E-1	-4.34084505E-1
2.13273436E-1	-4.34094161E-1
2.13796705E-1	-4.34105098E-1
2.13890925E-1	-4.34119433E-1
2.14127183E-1	-4.34141636E-1
2.14486629E-1	-4.34158415E-1
2.14681163E-1	-4.34181899E-1
2.15278894E-1	-4.34193730E-1
2.15809643E-1	-4.34196770E-1
2.16177776E-1	-4.34202224E-1
2.16436118E-1	-4.34207082E-1
2.16743797E-1	-4.34217095E-1
2.17046604E-1	-4.34224814E-1
2.17095941E-1	-4.34231550E-1
2.17301920E-1	-4.34236318E-1
2.17440620E-1	-4.34240669E-1
2.17611685E-1	-4.34241623E-1
2.17988789E-1	-4.34244931E-1
2.18381092E-1	-4.34249133E-1
2.18698412E-1	-4.34251547E-1
2.19040573E-1	-4.34253395E-1
2.19434068E-1	-4.34260786E-1
2.19773084E-1	-4.34269398E-1
2.19947934E-1	-4.34280574E-1
2.20138878E-1	-4.34294850E-1
2.20508069E-1	-4.34298694E-1
2.20739722E-1	-4.34301406E-1
2.21202105E-1	-4.34303313E-1
2.21442565E-1	-4.34299976E-1
2.21612826E-1	-4.34300005E-1
2.21896365E-1	-4.34298605E-1
2.22109750E-1	-4.34293002E-1
2.22312495E-1	-4.34294909E-1
2.22590357E-1	-4.34295326E-1
2.22932741E-1	-4.34305161E-1
2.23257601E-1	-4.34317410E-1
2.23354205E-1	-4.34324265E-1
2.23530516E-1	-4.34339345E-1
2.23777175E-1	-4.34355170E-1
2.23963708E-1	-4.34363425E-1
2.24381402E-1	-4.34372425E-1
2.24620625E-1	-4.34370309E-1
2.24821180E-1	-4.34366822E-1
2.24989966E-1	-4.34364885E-1
2.25021169E-1	-4.34364051E-1
2.25018457E-1	-4.34361398E-1
2.25044295E-1	-4.34361190E-1
2.25010023E-1	-4.34368700E-1
2.25055024E-1	-4.34370756E-1
2.25138351E-1	-4.34368074E-1
2.25296691E-1	-4.34359819E-1
2.25520417E-1	-4.34335679E-1
2.25773260E-1	-4.34318721E-1
2.25996181E-1	-4.34309840E-1
2.26179838E-1	-4.34299648E-1
2.26208061E-1	-4.34294760E-1
2.26444885E-1	-4.34293479E-1
2.27089614E-1	-4.34288412E-1
2.27667674E-1	-4.34285343E-1
2.28051588E-1	-4.34283614E-1
2.28213087E-1	-4.34279472E-1
2.28131071E-1	-4.34278548E-1
2.28103325E-1	-4.34278965E-1
2.28119910E-1	-4.34277475E-1
2.28108749E-1	-4.34277177E-1
2.28102997E-1	-4.34276700E-1
2.28140473E-1	-4.34275448E-1
2.28181913E-1	-4.34273273E-1
2.28214696E-1	-4.34269696E-1
2.28224069E-1	-4.34268355E-1
2.28223532E-1	-4.34264332E-1
2.28181958E-1	-4.34260398E-1
2.28139222E-1	-4.34258521E-1
2.28092253E-1	-4.34257627E-1
2.28086546E-1	-4.34255272E-1
2.28097498E-1	-4.34254289E-1
2.28079274E-1	-4.34254348E-1
2.28141785E-1	-4.34256583E-1
2.28152201E-1	-4.34261858E-1
2.28144258E-1	-4.34265614E-1
2.28150845E-1	-4.34269279E-1
2.28174433E-1	-4.34269607E-1
2.28191912E-1	-4.34269041E-1
2.28138238E-1	-4.34267133E-1
2.28141844E-1	-4.34265584E-1
2.28128850E-1	-4.34263796E-1
2.28104934E-1	-4.34260786E-1
2.28189096E-1	-4.34258997E-1
2.28199765E-1	-4.34258372E-1
2.28175387E-1	-4.34259683E-1
2.28126168E-1	-4.34263378E-1
2.28127688E-1	-4.34267402E-1
2.28088647E-1	-4.34268951E-1
2.28202626E-1	-4.34269607E-1
2.28167996E-1	-4.34270322E-1
2.28138700E-1	-4.34270144E-1
2.28189304E-1	-4.34269965E-1
2.28094339E-1	-4.34271187E-1
2.28147089E-1	-4.34271365E-1
2.28159443E-1	-4.34272021E-1
2.28077590E-1	-4.34272230E-1
2.28108585E-1	-4.34271455E-1
2.28110254E-1	-4.34270769E-1
2.28190452E-1	-4.34269637E-1
2.28197545E-1	-4.34269965E-1
2.28150964E-1	-4.34269488E-1
2.28120908E-1	-4.34270561E-1
2.28108406E-1	-4.34271783E-1
2.28069812E-1	-4.34272587E-1
2.28125542E-1	-4.34273362E-1
2.28102162E-1	-4.34272915E-1
2.28096530E-1	-4.34272736E-1
2.28098050E-1	-4.34271604E-1
2.28093445E-1	-4.34271336E-1
2.28130862E-1	-4.34271723E-1
2.28136271E-1	-4.34272557E-1
2.28124782E-1	-4.34272945E-1
2.28124946E-1	-4.34274226E-1
2.28135556E-1	-4.34280008E-1
2.28155136E-1	-4.34290051E-1
2.28159592E-1	-4.34297293E-1
2.28153855E-1	-4.34304357E-1
2.28150561E-1	-4.34307724E-1
2.28125513E-1	-4.34307963E-1
2.28135079E-1	-4.34308022E-1
2.28138223E-1	-4.34308261E-1
2.28151128E-1	-4.34308559E-1
2.28153273E-1	-4.34308499E-1
2.28172943E-1	-4.34308469E-1
2.28178129E-1	-4.34308350E-1
2.28153422E-1	-4.34308559E-1
2.28155762E-1	-4.34308767E-1
2.28131860E-1	-4.34308797E-1
2.28137493E-1	-4.34309006E-1
2.28115842E-1	-4.34308976E-1
2.28117377E-1	-4.34311658E-1
2.28111267E-1	-4.34313953E-1
2.28077963E-1	-4.34316248E-1
2.28126049E-1	-4.34319347E-1
2.28103787E-1	-4.34320480E-1
2.28092507E-1	-4.34320062E-1
2.28146151E-1	-4.34319556E-1
2.28082061E-1	-4.34318632E-1
2.28126481E-1	-4.34317291E-1
2.28131652E-1	-4.34317172E-1
2.28084713E-1	-4.34316456E-1
2.28126734E-1	-4.34316099E-1
2.28126332E-1	-4.34316218E-1
2.28158325E-1	-4.34314668E-1
2.28162199E-1	-4.34313625E-1
2.28147700E-1	-4.34313715E-1
2.28110373E-1	-4.34316725E-1
2.28110254E-1	-4.34322298E-1
2.28087634E-1	-4.34325904E-1
2.28100508E-1	-4.34329599E-1
2.28132695E-1	-4.34329450E-1
2.28138626E-1	-4.34326768E-1
2.28107780E-1	-4.34325814E-1
2.28140429E-1	-4.34324443E-1
2.28146970E-1	-4.34323639E-1
2.28142664E-1	-4.34322476E-1
2.28137150E-1	-4.34322238E-1
2.28110954E-1	-4.34321165E-1
2.28107795E-1	-4.34320092E-1
2.28128120E-1	-4.34319586E-1
2.28130490E-1	-4.34319019E-1
2.28126153E-1	-4.34320807E-1
2.28133023E-1	-4.34322566E-1
2.28148609E-1	-4.34329987E-1
2.28161916E-1	-4.34337050E-1
2.28165954E-1	-4.34344888E-1
2.28238493E-1	-4.34347272E-1
2.28236482E-1	-4.34356958E-1
2.28182435E-1	-4.34364170E-1
2.28157789E-1	-4.34371024E-1
2.28075132E-1	-4.34380770E-1
2.28149474E-1	-4.34383214E-1
2.28123143E-1	-4.34383005E-1
2.28183419E-1	-4.34381902E-1
2.28191152E-1	-4.34379399E-1
2.28198975E-1	-4.34377968E-1
2.28183106E-1	-4.34377193E-1
2.28129730E-1	-4.34373856E-1
2.28158116E-1	-4.34371203E-1
2.28137732E-1	-4.34371084E-1
2.28081197E-1	-4.34370965E-1
2.28103265E-1	-4.34370190E-1
2.28080139E-1	-4.34369057E-1
2.28080004E-1	-4.34368610E-1
2.28122160E-1	-4.34366465E-1
2.28150368E-1	-4.34365839E-1
2.28144780E-1	-4.34365600E-1
2.28155047E-1	-4.34365034E-1
2.28169069E-1	-4.34364945E-1
2.28128493E-1	-4.34364676E-1
2.28139192E-1	-4.34364349E-1
2.28160262E-1	-4.34363246E-1
2.28144199E-1	-4.34361339E-1
2.28169098E-1	-4.34360147E-1
2.28167951E-1	-4.34359461E-1
2.28171542E-1	-4.34360087E-1
2.28169397E-1	-4.34361100E-1
2.28165835E-1	-4.34364170E-1
2.28175834E-1	-4.34365809E-1
2.28168026E-1	-4.34367537E-1
2.28143424E-1	-4.34368879E-1
2.28144601E-1	-4.34369296E-1
2.28117645E-1	-4.34373170E-1
2.28164449E-1	-4.34376657E-1
2.28202268E-1	-4.34382021E-1
2.28142038E-1	-4.34385747E-1
2.28064969E-1	-4.34387118E-1
2.28061154E-1	-4.34384793E-1
2.28022441E-1	-4.34383005E-1
2.28093430E-1	-4.34380770E-1
2.28166386E-1	-4.34379876E-1
2.28177294E-1	-4.34380651E-1
2.28156045E-1	-4.34380621E-1
2.28197321E-1	-4.34379727E-1
2.28148386E-1	-4.34378713E-1
2.28177190E-1	-4.34378743E-1
2.28196144E-1	-4.34378922E-1
2.28215650E-1	-4.34380561E-1
2.28238896E-1	-4.34382081E-1
2.28224635E-1	-4.34383422E-1
2.28192672E-1	-4.34383661E-1
2.28130341E-1	-4.34384406E-1
2.28113815E-1	-4.34384346E-1
2.28114545E-1	-4.34384495E-1
2.28125125E-1	-4.34384644E-1
2.28120014E-1	-4.34384465E-1
2.28128448E-1	-4.34384525E-1
2.28129119E-1	-4.34384555E-1
2.28125453E-1	-4.34384882E-1
2.28134543E-1	-4.34384435E-1
2.28127018E-1	-4.34384048E-1
2.28126168E-1	-4.34381425E-1
2.28128836E-1	-4.34374183E-1
2.28122517E-1	-4.34367180E-1
2.28124022E-1	-4.34362233E-1
2.28123397E-1	-4.34359372E-1
2.28121057E-1	-4.34358537E-1
2.28120580E-1	-4.34358209E-1
2.28123605E-1	-4.34357762E-1
2.28125989E-1	-4.34357226E-1
2.28124559E-1	-4.34356928E-1
2.28124291E-1	-4.34356570E-1
2.28123188E-1	-4.34356093E-1
2.28120863E-1	-4.34355646E-1
2.28121787E-1	-4.34355110E-1
2.28121147E-1	-4.34354872E-1
2.28122994E-1	-4.34354484E-1
2.28128478E-1	-4.34355378E-1
2.28121549E-1	-4.34357107E-1
2.28123531E-1	-4.34357822E-1
2.28122428E-1	-4.34359431E-1
2.28112981E-1	-4.34359699E-1
2.28119984E-1	-4.34360027E-1
2.28116468E-1	-4.34361875E-1
2.28116632E-1	-4.34364468E-1
2.28117868E-1	-4.34368700E-1
2.28115276E-1	-4.34372962E-1
2.28116721E-1	-4.34374005E-1
2.28115335E-1	-4.34374332E-1
2.28117242E-1	-4.34374332E-1
2.28117734E-1	-4.34374094E-1
2.28115723E-1	-4.34374183E-1
2.28116199E-1	-4.34374332E-1
2.28114694E-1	-4.34374422E-1
2.28111997E-1	-4.34374541E-1
2.28112742E-1	-4.34375256E-1
2.28112578E-1	-4.34375167E-1
2.28112429E-1	-4.34375525E-1
2.28122890E-1	-4.34375376E-1
2.28122994E-1	-4.34374690E-1
2.28117198E-1	-4.34374988E-1
2.28117153E-1	-4.34374928E-1
2.28106871E-1	-4.34375256E-1
2.28104487E-1	-4.34375793E-1
2.28108585E-1	-4.34375763E-1
2.28107274E-1	-4.34375733E-1
2.28105500E-1	-4.34375733E-1
2.28107080E-1	-4.34375554E-1
2.28110015E-1	-4.34374958E-1
2.28109628E-1	-4.34373468E-1
2.28111148E-1	-4.34372455E-1
2.28109196E-1	-4.34371024E-1
2.28107944E-1	-4.34371144E-1
2.28109017E-1	-4.34372008E-1
2.28110686E-1	-4.34372813E-1
2.28111550E-1	-4.34374481E-1
2.28118315E-1	-4.34375554E-1
2.28108138E-1	-4.34376329E-1
2.28106633E-1	-4.34376001E-1
2.28106812E-1	-4.34375852E-1
2.28100806E-1	-4.34375048E-1
2.28111908E-1	-4.34373856E-1
2.28111029E-1	-4.34372932E-1
2.28111699E-1	-4.34372187E-1
2.28123605E-1	-4.34372067E-1
2.28114471E-1	-4.34372544E-1
2.28108153E-1	-4.34373230E-1
2.28105292E-1	-4.34373170E-1
2.28098899E-1	-4.34373349E-1
2.28107512E-1	-4.34373081E-1
2.28114158E-1	-4.34372783E-1
2.28114590E-1	-4.34373409E-1
2.28110969E-1	-4.34373796E-1
2.28110656E-1	-4.34374124E-1
2.28104800E-1	-4.34374154E-1
2.28106841E-1	-4.34373975E-1
2.28106603E-1	-4.34373945E-1
2.28102416E-1	-4.34373736E-1
2.28104204E-1	-4.34373736E-1
2.28106007E-1	-4.34375286E-1
2.28101075E-1	-4.34375852E-1
2.28106037E-1	-4.34376329E-1
2.28107408E-1	-4.34376925E-1
2.28105903E-1	-4.34378147E-1
2.28107855E-1	-4.34378356E-1
2.28110865E-1	-4.34378952E-1
2.28109702E-1	-4.34379190E-1
2.28113517E-1	-4.34379160E-1
2.28111893E-1	-4.34379071E-1
2.28114352E-1	-4.34378743E-1
2.28116557E-1	-4.34378296E-1
2.28110075E-1	-4.34378028E-1
2.28106424E-1	-4.34378058E-1
2.28102654E-1	-4.34379071E-1
2.28100777E-1	-4.34380591E-1
2.28105903E-1	-4.34381783E-1
2.28111595E-1	-4.34382677E-1
2.28108719E-1	-4.34381813E-1
