-4.93242174E-1	2.14405488E-2
-4.93097425E-1	2.14402787E-2
-4.92965519E-1	2.14401800E-2
-4.92680848E-1	2.14402042E-2
-4.92530644E-1	2.14397367E-2
-4.92437899E-1	2.14396678E-2
-4.92316723E-1	2.14394033E-2
-4.92247880E-1	2.14389469E-2
-4.92173880E-1	2.14388594E-2
-4.92134064E-1	2.14386005E-2
-4.91974890E-1	2.14384776E-2
-4.91898477E-1	2.14382354E-2
-4.91795927E-1	2.14382205E-2
-4.91693854E-1	2.14382056E-2
-4.91611868E-1	2.14382168E-2
-4.91581202E-1	2.14383099E-2
-4.91600931E-1	2.14385726E-2
-4.91602182E-1	2.14385632E-2
-4.91610885E-1	2.14387272E-2
-4.91551995E-1	2.14392319E-2
-4.91477668E-1	2.14393288E-2
-4.91336048E-1	2.14397367E-2
-4.91005421E-1	2.14398559E-2
-4.90586817E-1	2.14399137E-2
-4.89796281E-1	2.14401577E-2
-4.88869548E-1	2.14400999E-2
-4.88529146E-1	2.14402750E-2
-4.87475455E-1	2.14402750E-2
-4.86701310E-1	2.14403905E-2
-4.85951930E-1	2.14405097E-2
-4.85284477E-1	2.14406047E-2
-4.84467030E-1	2.14408711E-2
-4.83641118E-1	2.14410219E-2
-4.83364016E-1	2.14411244E-2
-4.82355297E-1	2.14414597E-2
-4.81344283E-1	2.14418806E-2
-4.81053978E-1	2.14418955E-2
-4.80236501E-1	2.14418769E-2
-4.79830205E-1	2.14417689E-2
-4.79058474E-1	2.14416049E-2
-4.78447288E-1	2.14415919E-2
-4.77725565E-1	2.14416701E-2
-4.76743728E-1	2.14417540E-2
-4.76432532E-1	2.14418620E-2
-4.75848496E-1	2.14418247E-2
-4.75559801E-1	2.14414746E-2
-4.74972337E-1	2.14410201E-2
-4.74263072E-1	2.14407388E-2
-4.73449558E-1	2.14404091E-2
-4.72006202E-1	2.14403644E-2
-4.71006393E-1	2.14405116E-2
-4.70217317E-1	2.14405619E-2
-4.68948662E-1	2.14406531E-2
-4.68137383E-1	2.14409251E-2
-4.67367917E-1	2.14408878E-2
-4.65918332E-1	2.14410610E-2
-4.64863151E-1	2.14412268E-2
-4.64535117E-1	2.14416739E-2
-4.63502258E-1	2.14419365E-2
-4.62665141E-1	2.14424171E-2
-4.62386727E-1	2.14427095E-2
-4.61339772E-1	2.14428362E-2
-4.60435033E-1	2.14430820E-2
-4.59036022E-1	2.14432906E-2
-4.58566964E-1	2.14435831E-2
-4.57228422E-1	2.14440580E-2
-4.56289023E-1	2.14443989E-2
-4.56010520E-1	2.14446597E-2
-4.55179036E-1	2.14448348E-2
-4.54525888E-1	2.14447845E-2
-4.53460932E-1	2.14447640E-2
-4.53120351E-1	2.14445163E-2
-4.52085912E-1	2.14445423E-2
-4.51324493E-1	2.14444418E-2
-4.51119483E-1	2.14444622E-2
-4.50366825E-1	2.14447025E-2
-4.49935347E-1	2.14450583E-2
-4.49115664E-1	2.14456152E-2
-4.48625892E-1	2.14461274E-2
-4.47862625E-1	2.14465614E-2
-4.47378159E-1	2.14470122E-2
-4.46766615E-1	2.14473661E-2
-4.45896864E-1	2.14475263E-2
-4.44484323E-1	2.14477088E-2
-4.43436563E-1	2.14478429E-2
-4.42478508E-1	2.14477442E-2
-4.41483051E-1	2.14478001E-2
-4.40970957E-1	2.14478187E-2
-4.40640450E-1	2.14476213E-2
-4.40131366E-1	2.14475505E-2
-4.39612240E-1	2.14471482E-2
-4.39089000E-1	2.14468222E-2
-4.38415945E-1	2.14465838E-2
-4.37341511E-1	2.14464571E-2
-4.36707854E-1	2.14467775E-2
-4.35840756E-1	2.14469489E-2
-4.34455484E-1	2.14472711E-2
-4.33581620E-1	2.14475505E-2
-4.32717800E-1	2.14477368E-2
-4.31855410E-1	2.14478988E-2
-4.30716783E-1	2.14484446E-2
-4.30076182E-1	2.14487668E-2
-4.29378659E-1	2.14492232E-2
-4.28618938E-1	2.14495640E-2
-4.27711546E-1	2.14496516E-2
-4.26974326E-1	2.14494970E-2
-4.26031917E-1	2.14495622E-2
-4.24467266E-1	2.14493666E-2
-4.23602968E-1	2.14491393E-2
-4.22914296E-1	2.14491766E-2
-4.22418565E-1	2.14492716E-2
-4.22009051E-1	2.14491803E-2
-4.21342015E-1	2.14493535E-2
-4.20562357E-1	2.14493386E-2
-4.18476075E-1	2.14493535E-2
-4.16053176E-1	2.14496609E-2
-4.15430158E-1	2.14496776E-2
-4.13602203E-1	2.14498788E-2
-4.12614524E-1	2.14499775E-2
-4.11793292E-1	2.14500874E-2
-4.10965204E-1	2.14503165E-2
-4.09459382E-1	2.14506891E-2
-4.07810390E-1	2.14508809E-2
-4.07204896E-1	2.14512721E-2
-4.05187041E-1	2.14517508E-2
-4.03419673E-1	2.14520022E-2
-4.02933121E-1	2.14522593E-2
-4.01568621E-1	2.14523450E-2
-4.00899172E-1	2.14522779E-2
-3.99689317E-1	2.14519631E-2
-3.98703694E-1	2.14519519E-2
-3.97673875E-1	2.14516465E-2
-3.96282494E-1	2.14514937E-2
-3.95839185E-1	2.14514192E-2
-3.94684047E-1	2.14515589E-2
-3.93967688E-1	2.14518048E-2
-3.93399805E-1	2.14517862E-2
-3.92806709E-1	2.14518774E-2
-3.92001331E-1	2.14519929E-2
-3.90647352E-1	2.14518625E-2
-3.89655709E-1	2.14519091E-2
-3.88427287E-1	2.14518849E-2
-3.86853218E-1	2.14519762E-2
-3.85779500E-1	2.14522369E-2
-3.84732127E-1	2.14524101E-2
-3.83388460E-1	2.14524530E-2
-3.82396251E-1	2.14523580E-2
-3.81204724E-1	2.14522444E-2
-3.77230078E-1	2.14523599E-2
-3.74657989E-1	2.14525461E-2
-3.72134030E-1	2.14528125E-2
-3.69739413E-1	2.14530230E-2
-3.67917478E-1	2.14533545E-2
-3.67360264E-1	2.14538090E-2
-3.66751462E-1	2.14539412E-2
-3.65959316E-1	2.14541145E-2
-3.65185708E-1	2.14544889E-2
-3.64531070E-1	2.14547236E-2
-3.63963604E-1	2.14547534E-2
-3.63280326E-1	2.14548204E-2
-3.62927496E-1	2.14549378E-2
-3.62445384E-1	2.14549992E-2
-3.61285001E-1	2.14554202E-2
-3.60464871E-1	2.14555375E-2
-3.59504789E-1	2.14556325E-2
-3.58653873E-1	2.14556549E-2
-3.57559770E-1	2.14554407E-2
-3.56309026E-1	2.14555878E-2
-3.55890960E-1	2.14556046E-2
-3.54459465E-1	2.14555245E-2
-3.53514791E-1	2.14555152E-2
-3.52762520E-1	2.14552432E-2
-3.51702988E-1	2.14551259E-2
-3.50871891E-1	2.14551594E-2
-3.49513382E-1	2.14551315E-2
-3.48426551E-1	2.14551073E-2
-3.47223818E-1	2.14550663E-2
-3.45709801E-1	2.14548931E-2
-3.44619781E-1	2.14548185E-2
-3.43399256E-1	2.14546602E-2
-3.42073798E-1	2.14545503E-2
-3.41348916E-1	2.14544516E-2
-3.40396732E-1	2.14543156E-2
-3.38763595E-1	2.14541219E-2
-3.37639600E-1	2.14536600E-2
-3.36424291E-1	2.14534588E-2
-3.34638625E-1	2.14528553E-2
-3.33984196E-1	2.14525089E-2
-3.33204091E-1	2.14520432E-2
-3.32138538E-1	2.14518458E-2
-3.30458462E-1	2.14518551E-2
-3.29229057E-1	2.14517750E-2
-3.27996582E-1	2.14517601E-2
-3.26482147E-1	2.14518309E-2
-3.25438350E-1	2.14516707E-2
-3.24393451E-1	2.14516465E-2
-3.23243767E-1	2.14517228E-2
-3.21391910E-1	2.14518271E-2
-3.19795102E-1	2.14519128E-2
-3.19384605E-1	2.14518867E-2
-3.17902654E-1	2.14520227E-2
-3.17077518E-1	2.14521866E-2
-3.16063106E-1	2.14522872E-2
-3.14300209E-1	2.14525592E-2
-3.13252389E-1	2.14529280E-2
-3.11739147E-1	2.14532074E-2
-3.10510427E-1	2.14532837E-2
-3.08650106E-1	2.14535408E-2
-3.07561249E-1	2.14539431E-2
-3.06573808E-1	2.14540921E-2
-3.05920541E-1	2.14543473E-2
-3.05772901E-1	2.14544311E-2
-3.05668205E-1	2.14545056E-2
-3.05636317E-1	2.14546360E-2
-3.05601805E-1	2.14546528E-2
-3.05605978E-1	2.14547962E-2
-3.05682272E-1	2.14548614E-2
-3.05530906E-1	2.14550272E-2
-3.04892004E-1	2.14552842E-2
-3.03629726E-1	2.14554034E-2
-3.01472247E-1	2.14557946E-2
-2.99905658E-1	2.14559585E-2
-2.98024178E-1	2.14562062E-2
-2.97296345E-1	2.14564055E-2
-2.96402216E-1	2.14565936E-2
-2.94735968E-1	2.14569215E-2
-2.93972969E-1	2.14573015E-2
-2.91350931E-1	2.14578211E-2
-2.89208472E-1	2.14583371E-2
-2.87982404E-1	2.14591213E-2
-2.87255913E-1	2.14593094E-2
-2.86888272E-1	2.14597303E-2
-2.86092937E-1	2.14600414E-2
-2.85228699E-1	2.14600693E-2
-2.83337623E-1	2.14602239E-2
-2.81904340E-1	2.14608591E-2
-2.80467570E-1	2.14612987E-2
-2.79041260E-1	2.14619394E-2
-2.77447909E-1	2.14627646E-2
-2.76301563E-1	2.14632321E-2
-2.75193483E-1	2.14634910E-2
-2.73445159E-1	2.14639511E-2
-2.72276700E-1	2.14642193E-2
-2.70927280E-1	2.14644335E-2
-2.69582331E-1	2.14649942E-2
-2.67624557E-1	2.14653350E-2
-2.66076982E-1	2.14659236E-2
-2.65682995E-1	2.14662682E-2
-2.64591515E-1	2.14667451E-2
-2.63536721E-1	2.14673579E-2
-2.63166755E-1	2.14676037E-2
-2.62140930E-1	2.14677472E-2
-2.61246145E-1	2.14680880E-2
-2.60725915E-1	2.14683395E-2
-2.60104150E-1	2.14686487E-2
-2.58884162E-1	2.14691404E-2
-2.57886350E-1	2.14697532E-2
-2.56747097E-1	2.14702971E-2
-2.55146980E-1	2.14708690E-2
-2.54248381E-1	2.14715619E-2
-2.53407270E-1	2.14716122E-2
-2.52743363E-1	2.14716606E-2
-2.51372755E-1	2.14719921E-2
-2.49870062E-1	2.14723870E-2
-2.49427363E-1	2.14724187E-2
-2.48486936E-1	2.14730799E-2
-2.48253763E-1	2.14734692E-2
-2.48233274E-1	2.14736965E-2
-2.47558013E-1	2.14744806E-2
-2.46103927E-1	2.14748755E-2
-2.43521810E-1	2.14752797E-2
-2.41744697E-1	2.14758236E-2
-2.39684314E-1	2.14763768E-2
-2.38126263E-1	2.14768406E-2
-2.37194911E-1	2.14769207E-2
-2.35908002E-1	2.14772373E-2
-2.34500751E-1	2.14775838E-2
-2.32187226E-1	2.14782767E-2
-2.30224565E-1	2.14784630E-2
-2.28406608E-1	2.14792173E-2
-2.26190716E-1	2.14798003E-2
-2.24942565E-1	2.14802306E-2
-2.24124998E-1	2.14807168E-2
-2.23388299E-1	2.14813799E-2
-2.22179100E-1	2.14820839E-2
-2.21249029E-1	2.14823317E-2
-2.19970360E-1	2.14831568E-2
-2.18090907E-1	2.14835182E-2
-2.16852099E-1	2.14838311E-2
-2.15501353E-1	2.14842819E-2
-2.13872105E-1	2.14844663E-2
-2.12667853E-1	2.14848723E-2
-2.11579219E-1	2.14852113E-2
-2.09737673E-1	2.14855280E-2
-2.08633125E-1	2.14859731E-2
-2.07796827E-1	2.14861743E-2
-2.06972241E-1	2.14862991E-2
-2.05636859E-1	2.14863364E-2
-2.03965530E-1	2.14864127E-2
-2.03124523E-1	2.14866921E-2
-2.00597242E-1	2.14872770E-2
-1.98905960E-1	2.14875415E-2
-1.97934791E-1	2.14877315E-2
-1.97119609E-1	2.14880314E-2
-1.96282253E-1	2.14880966E-2
-1.95210963E-1	2.14882959E-2
-1.94700539E-1	2.14886088E-2
-1.93513215E-1	2.14888323E-2
-1.92758337E-1	2.14890260E-2
-1.92630842E-1	2.14891322E-2
-1.92167461E-1	2.14896798E-2
-1.90354109E-1	2.14905422E-2
-1.88708693E-1	2.14908719E-2
-1.86718002E-1	2.14918125E-2
-1.83598414E-1	2.14929264E-2
-1.80853143E-1	2.14934815E-2
-1.80155873E-1	2.14940440E-2
-1.78524062E-1	2.14946326E-2
-1.77258909E-1	2.14946736E-2
-1.76994905E-1	2.14947555E-2
-1.75561324E-1	2.14949623E-2
-1.74241424E-1	2.14954410E-2
-1.72329336E-1	2.14955509E-2
-1.71129718E-1	2.14959662E-2
-1.69989273E-1	2.14960389E-2
-1.69015840E-1	2.14966182E-2
-1.67661190E-1	2.14973278E-2
-1.65956363E-1	2.14977693E-2
-1.63347587E-1	2.14986131E-2
-1.62055328E-1	2.14988869E-2
-1.61343321E-1	2.14988571E-2
-1.61087334E-1	2.14990173E-2
-1.59962520E-1	2.14993954E-2
-1.59081578E-1	2.15001609E-2
-1.56165853E-1	2.15016305E-2
-1.52363077E-1	2.15031710E-2
-1.51058435E-1	2.15035304E-2
-1.48115367E-1	2.15047859E-2
-1.45291269E-1	2.15057749E-2
-1.43849239E-1	2.15061102E-2
-1.42115533E-1	2.15075258E-2
-1.39258698E-1	2.15089172E-2
-1.37440592E-1	2.15099379E-2
-1.35800242E-1	2.15111468E-2
-1.31674811E-1	2.15130933E-2
-1.28957331E-1	2.15145871E-2
-1.25678018E-1	2.15164907E-2
-1.20400123E-1	2.15184856E-2
-1.18311711E-1	2.15201266E-2
-1.16340198E-1	2.15210672E-2
-1.15957238E-1	2.15213392E-2
-1.15876839E-1	2.15216354E-2
-1.13883518E-1	2.15232950E-2
-1.11722298E-1	2.15252060E-2
-1.08531892E-1	2.15275586E-2
-9.78027359E-2	2.15314887E-2
-9.68767852E-2	2.15338282E-2
-9.54695046E-2	2.15374921E-2
-9.32221934E-2	2.15402842E-2
-8.89905393E-2	2.15428490E-2
-8.55299681E-2	2.15462707E-2
-8.45881924E-2	2.15479806E-2
-8.29121619E-2	2.15492416E-2
-8.24453235E-2	2.15496887E-2
-8.22407231E-2	2.15504412E-2
-8.14047828E-2	2.15515271E-2
-8.01162645E-2	2.15531811E-2
-7.67787993E-2	2.15565078E-2
-7.30748475E-2	2.15633046E-2
-6.85981736E-2	2.15690024E-2
-6.18689209E-2	2.15751007E-2
-5.98539189E-2	2.15838309E-2
-5.38198277E-2	2.15916224E-2
-5.05804382E-2	2.15970911E-2
-4.52861562E-2	2.16031410E-2
-4.15451154E-2	2.16110796E-2
-3.86696979E-2	2.16133855E-2
-3.54314856E-2	2.16191225E-2
-3.48563306E-2	2.16212403E-2
-3.42165418E-2	2.16218252E-2
-3.34485099E-2	2.16231272E-2
-3.24902423E-2	2.16253269E-2
-3.13153416E-2	2.16271859E-2
-2.69317869E-2	2.16287430E-2
-2.25258674E-2	2.16291659E-2
-1.78785529E-2	2.16309745E-2
-9.43182874E-3	2.16332041E-2
-3.58360750E-3	2.16364991E-2
-2.42624432E-3	2.16395725E-2
-1.96924535E-4	2.16416419E-2
-5.45473558E-5	2.16417145E-2
-4.26190418E-5	2.16418207E-2
-4.01130856E-5	2.16419753E-2
-3.42063067E-5	2.16421373E-2
-3.04713958E-5	2.16425937E-2
-2.94255969E-5	2.16429383E-2
-2.63973052E-5	2.16431487E-2
-2.50496396E-5	2.16433071E-2
-2.30597980E-5	2.16434430E-2
-2.19648191E-5	2.16435865E-2
-2.05357501E-5	2.16438044E-2
-1.95408284E-5	2.16440540E-2
-1.88619088E-5	2.16438845E-2
-1.77460133E-5	2.16439646E-2
-1.71371903E-5	2.16440912E-2
-1.64605299E-5	2.16443203E-2
-1.58963630E-5	2.16443893E-2
-1.50348505E-5	2.16445904E-2
-1.41869050E-5	2.16445439E-2
-1.39008644E-5	2.16443930E-2
-1.34181009E-5	2.16444824E-2
-1.28759830E-5	2.16447581E-2
-1.27521826E-5	2.16453522E-2
-1.22801612E-5	2.16457024E-2
-1.19443757E-5	2.16458347E-2
-1.14067789E-5	2.16460526E-2
-1.11665286E-5	2.16459502E-2
-1.09200600E-5	2.16459483E-2
-1.05062627E-5	2.16459911E-2
-1.02552722E-5	2.16459036E-2
-9.97714596E-6	2.16459781E-2
-9.40676273E-6	2.16460805E-2
-9.19308150E-6	2.16462202E-2
-9.03310229E-6	2.16462463E-2
-8.72049441E-6	2.16462538E-2
-8.55429698E-6	2.16461346E-2
-8.27617168E-6	2.16459967E-2
-8.13315182E-6	2.16458887E-2
-7.77079731E-6	2.16458067E-2
-7.63682237E-6	2.16457788E-2
-7.57916223E-6	2.16458850E-2
-7.29934072E-6	2.16458179E-2
-7.22189543E-6	2.16456987E-2
-7.00651799E-6	2.16456652E-2
-6.76965919E-6	2.16454361E-2
-6.47061779E-6	2.16453448E-2
-6.50170932E-6	2.16451697E-2
-6.16592433E-6	2.16449797E-2
-6.00594603E-6	2.16448344E-2
-5.88271178E-6	2.16448065E-2
-5.78604659E-6	2.16448717E-2
-5.42765019E-6	2.16449965E-2
-3.28575152E-6	2.16451995E-2
-2.55765303E-6	2.16451120E-2
-6.06259562E-7	2.16451343E-2
6.55475674E-7	2.16451008E-2
1.17497962E-6	2.16451846E-2
1.08283598E-6	2.16452535E-2
1.17158709E-6	2.16453373E-2
1.30047397E-6	2.16454733E-2
1.35078517E-6	2.16453038E-2
1.29255989E-6	2.16453504E-2
1.35361165E-6	2.16453746E-2
1.41805504E-6	2.16452871E-2
1.33213041E-6	2.16453392E-2
1.41975090E-6	2.16454435E-2
1.51415497E-6	2.16451790E-2
1.27164401E-6	2.16450337E-2
1.38244161E-6	2.16449965E-2
1.27729697E-6	2.16450896E-2
1.30160458E-6	2.16449406E-2
1.46158266E-6	2.16449853E-2
1.41805504E-6	2.16449108E-2
1.44971148E-6	2.16447003E-2
1.51924257E-6	2.16447078E-2
1.70465898E-6	2.16447096E-2
1.68148188E-6	2.16445997E-2
1.66904545E-6	2.16446333E-2
1.76684125E-6	2.16444954E-2
1.92851530E-6	2.16444861E-2
1.68996132E-6	2.16443036E-2
1.85672297E-6	2.16442756E-2
1.79962831E-6	2.16442682E-2
1.63682375E-6	2.16441099E-2
1.67978601E-6	2.16439888E-2
1.69957127E-6	2.16436181E-2
1.65604365E-6	2.16435287E-2
1.81432586E-6	2.16432493E-2
1.92173161E-6	2.16432195E-2
1.95508392E-6	2.16432400E-2
1.95904113E-6	2.16433126E-2
1.99126271E-6	2.16433611E-2
1.99748274E-6	2.16432847E-2
1.96130577E-6	2.16432437E-2
2.06701816E-6	2.16432083E-2
2.13033286E-6	2.16434393E-2
2.01840544E-6	2.16434728E-2
2.04214780E-6	2.16434542E-2
2.02858064E-6	2.16435809E-2
2.03762534E-6	2.16435976E-2
2.17329602E-6	2.16435343E-2
2.27844066E-6	2.16434393E-2
5.10830341E-6	2.16435269E-2
6.56563179E-6	2.16435604E-2
7.54980920E-6	2.16435920E-2
8.26264477E-6	2.16437262E-2
8.86807538E-6	2.16438882E-2
5.83074961E-6	2.16438528E-2
5.92232709E-6	2.16439776E-2
6.02464524E-6	2.16441453E-2
6.51532082E-6	2.16441657E-2
6.61933473E-6	2.16444172E-2
6.99355951E-6	2.16446240E-2
7.48480034E-6	2.16446146E-2
7.73409465E-6	2.16449797E-2
7.53793802E-6	2.16452498E-2
7.42035672E-6	2.16454826E-2
7.08739844E-6	2.16456763E-2
6.68603934E-6	2.16460694E-2
6.58032968E-6	2.16462221E-2
6.68773555E-6	2.16463208E-2
6.56619704E-6	2.16464214E-2
6.45483397E-6	2.16462482E-2
6.48818650E-6	2.16460917E-2
6.31690227E-6	2.16460507E-2
6.15127101E-6	2.16459632E-2
5.95681013E-6	2.16460060E-2
5.95454867E-6	2.16461252E-2
6.01503552E-6	2.16463469E-2
6.01333932E-6	2.16464866E-2
6.00938210E-6	2.16467418E-2
6.21797517E-6	2.16467921E-2
6.14787859E-6	2.16468461E-2
6.20949550E-6	2.16470193E-2
6.18462218E-6	2.16472447E-2
6.13713746E-6	2.16474924E-2
6.15013914E-6	2.16475111E-2
6.04499428E-6	2.16476042E-2
6.01786041E-6	2.16476265E-2
5.92967444E-6	2.16475986E-2
6.00938120E-6	2.16477308E-2
7.38659408E-4	2.16520727E-2
1.74867606E-3	2.16563959E-2
3.42126098E-3	2.16643978E-2
4.92716953E-3	2.16722619E-2
6.64865645E-3	2.16808748E-2
8.53129104E-3	2.16917600E-2
9.70779080E-3	2.16984432E-2
1.07232695E-2	2.17052326E-2
1.19158048E-2	2.17156373E-2
1.29010007E-2	2.17260066E-2
1.42531870E-2	2.17417199E-2
1.71667207E-2	2.17745770E-2
1.91524159E-2	2.17959210E-2
2.08674949E-2	2.18138415E-2
2.31036730E-2	2.18369365E-2
2.51912121E-2	2.18474884E-2
2.61348225E-2	2.18566619E-2
2.96502504E-2	2.18679719E-2
3.21334191E-2	2.18739323E-2
3.59838679E-2	2.18735896E-2
3.73482853E-2	2.18699593E-2
4.03886922E-2	2.18654834E-2
4.39948216E-2	2.18550377E-2
4.53932658E-2	2.18503382E-2
4.97755073E-2	2.18344051E-2
5.23898378E-2	2.18239594E-2
5.62921166E-2	2.18084417E-2
5.75586222E-2	2.18034610E-2
6.15116470E-2	2.17873994E-2
6.56169131E-2	2.17710882E-2
6.69955984E-2	2.17656977E-2
7.04055205E-2	2.17516646E-2
7.15194866E-2	2.17445418E-2
7.26507902E-2	2.17413269E-2
7.34535754E-2	2.17379238E-2
7.45884478E-2	2.17319429E-2
7.67554417E-2	2.17270479E-2
7.74653628E-2	2.17225570E-2
7.91607201E-2	2.17184275E-2
8.02010894E-2	2.17144303E-2
8.08676481E-2	2.17116401E-2
8.21311474E-2	2.17050854E-2
8.41938406E-2	2.16994025E-2
8.72334316E-2	2.16935743E-2
8.82781222E-2	2.16876771E-2
9.11174715E-2	2.16806997E-2
9.21153203E-2	2.16779001E-2
9.31382552E-2	2.16756463E-2
9.41052437E-2	2.16729436E-2
9.53037292E-2	2.16685645E-2
9.72641781E-2	2.16635242E-2
9.89444703E-2	2.16595363E-2
1.01112895E-1	2.16549337E-2
1.04328126E-1	2.16484200E-2
1.06275290E-1	2.16445010E-2
1.07947551E-1	2.16407515E-2
1.09427787E-1	2.16377806E-2
1.09627187E-1	2.16367319E-2
1.10023245E-1	2.16353573E-2
1.11447483E-1	2.16325950E-2
1.13152064E-1	2.16298662E-2
1.15075104E-1	2.16269512E-2
1.17679104E-1	2.16227043E-2
1.18346199E-1	2.16195267E-2
1.24248095E-1	2.16186307E-2
1.25250161E-1	2.16147956E-2
1.27258301E-1	2.16119308E-2
1.28030911E-1	2.16070563E-2
1.31003171E-1	2.16038842E-2
1.33151382E-1	2.16013063E-2
1.33648634E-1	2.15986725E-2
1.35644525E-1	2.15969179E-2
1.37071192E-1	2.15947535E-2
1.39910474E-1	2.15915795E-2
1.41931236E-1	2.15895157E-2
1.43701091E-1	2.15875730E-2
1.45537436E-1	2.15853639E-2
1.46478355E-1	2.15834733E-2
1.48534134E-1	2.15827264E-2
1.49776697E-1	2.15807315E-2
1.51157960E-1	2.15786882E-2
1.52977735E-1	2.15778928E-2
1.56135544E-1	2.15749126E-2
1.60179585E-1	2.15713587E-2
1.61678597E-1	2.15689633E-2
1.65256158E-1	2.15669535E-2
1.67482361E-1	2.15648990E-2
1.68157160E-1	2.15639677E-2
1.69699952E-1	2.15632860E-2
1.70709446E-1	2.15621144E-2
1.72457159E-1	2.15613730E-2
1.73697487E-1	2.15605274E-2
1.74839735E-1	2.15594023E-2
1.75513059E-1	2.15585902E-2
1.75738305E-1	2.15580836E-2
1.76581070E-1	2.15574708E-2
1.77783474E-1	2.15561055E-2
1.79334119E-1	2.15551220E-2
1.81758687E-1	2.15536393E-2
1.85999617E-1	2.15513669E-2
1.89932451E-1	2.15490945E-2
1.91270947E-1	2.15484127E-2
1.95150509E-1	2.15463936E-2
1.97752774E-1	2.15449743E-2
1.99559748E-1	2.15439219E-2
2.02133313E-1	2.15426143E-2
2.07323641E-1	2.15397850E-2
2.11585283E-1	2.15377882E-2
2.15841845E-1	2.15359107E-2
2.21465260E-1	2.15333644E-2
2.25928038E-1	2.15322226E-2
2.27305830E-1	2.15310939E-2
2.31560513E-1	2.15293989E-2
2.34124541E-1	2.15280931E-2
2.36444011E-1	2.15272773E-2
2.38910362E-1	2.15268340E-2
2.40197405E-1	2.15262454E-2
2.42445499E-1	2.15255562E-2
2.44450152E-1	2.15248689E-2
2.47674361E-1	2.15240251E-2
2.49551430E-1	2.15234645E-2
2.51470566E-1	2.15228945E-2
2.53711134E-1	2.15221606E-2
2.55141258E-1	2.15215180E-2
2.56536514E-1	2.15205513E-2
2.57999837E-1	2.15200242E-2
2.61015892E-1	2.15193573E-2
2.64955014E-1	2.15184689E-2
2.66262561E-1	2.15178933E-2
2.70399868E-1	2.15169862E-2
2.73506999E-1	2.15161834E-2
2.74783939E-1	2.15156563E-2
2.76219875E-1	2.15149354E-2
2.78544843E-1	2.15143319E-2
2.80580848E-1	2.15132646E-2
2.82761395E-1	2.15130448E-2
2.86190391E-1	2.15121694E-2
2.89791137E-1	2.15110909E-2
2.90899217E-1	2.15108749E-2
2.94068843E-1	2.15099212E-2
2.96382487E-1	2.15089153E-2
2.98834383E-1	2.15081740E-2
3.03344101E-1	2.15073787E-2
3.06386381E-1	2.15063635E-2
3.10540587E-1	2.15057191E-2
3.13125700E-1	2.15051305E-2
3.15339923E-1	2.15045046E-2
3.18197429E-1	2.15037931E-2
3.20209384E-1	2.15037316E-2
3.22453350E-1	2.15030722E-2
3.24802876E-1	2.15027928E-2
3.26478690E-1	2.15022005E-2
3.28275889E-1	2.15016101E-2
3.30371797E-1	2.15012748E-2
3.31441969E-1	2.15007719E-2
3.32411140E-1	2.15004887E-2
3.33205670E-1	2.15003323E-2
3.33460391E-1	2.15001889E-2
3.33677292E-1	2.15002075E-2
3.33849818E-1	2.15001237E-2
3.33858699E-1	2.14998927E-2
3.34066480E-1	2.14997940E-2
3.34362686E-1	2.14996822E-2
3.35155368E-1	2.14995518E-2
3.36071700E-1	2.14993004E-2
3.36418569E-1	2.14991830E-2
3.37153375E-1	2.14985721E-2
3.37567955E-1	2.14982741E-2
3.38109791E-1	2.14977600E-2
3.39096963E-1	2.14974191E-2
3.40058059E-1	2.14972124E-2
3.41698229E-1	2.14966573E-2
3.42893451E-1	2.14963667E-2
3.44064146E-1	2.14960836E-2
3.45554292E-1	2.14956589E-2
3.46651763E-1	2.14954875E-2
3.47654462E-1	2.14953516E-2
3.48899245E-1	2.14952007E-2
3.49809796E-1	2.14949977E-2
3.51340830E-1	2.14948040E-2
3.52390707E-1	2.14944482E-2
3.54031563E-1	2.14939509E-2
3.55248213E-1	2.14939285E-2
3.56516093E-1	2.14934908E-2
3.58830273E-1	2.14929655E-2
3.60739470E-1	2.14925352E-2
3.63602787E-1	2.14920174E-2
3.65100503E-1	2.14918684E-2
3.66455674E-1	2.14915983E-2
3.69362414E-1	2.14911606E-2
3.71808439E-1	2.14903764E-2
3.75953227E-1	2.14896407E-2
3.78780276E-1	2.14895513E-2
3.81292850E-1	2.14889664E-2
3.83669704E-1	2.14886349E-2
3.85022342E-1	2.14883089E-2
3.86975914E-1	2.14879755E-2
3.87893081E-1	2.14875825E-2
3.88714045E-1	2.14871634E-2
3.89676034E-1	2.14871261E-2
3.91864538E-1	2.14866251E-2
3.95183176E-1	2.14860160E-2
3.96457344E-1	2.14857757E-2
4.00276363E-1	2.14853566E-2
4.02909011E-1	2.14850456E-2
4.03387785E-1	2.14848649E-2
4.04103458E-1	2.14846283E-2
4.04843897E-1	2.14840211E-2
4.05627996E-1	2.14835573E-2
4.07201469E-1	2.14831196E-2
4.10266191E-1	2.14828365E-2
4.13047642E-1	2.14825962E-2
4.13955033E-1	2.14825459E-2
4.16137397E-1	2.14824136E-2
4.17360157E-1	2.14822553E-2
4.18515384E-1	2.14821473E-2
4.20586348E-1	2.14820001E-2
4.22020197E-1	2.14818809E-2
4.24362183E-1	2.14815270E-2
4.25985366E-1	2.14814320E-2
4.27943319E-1	2.14807931E-2
4.32696521E-1	2.14800872E-2
4.35900956E-1	2.14795303E-2
4.40920442E-1	2.14790273E-2
4.44247812E-1	2.14784183E-2
4.46569890E-1	2.14779861E-2
4.49716866E-1	2.14779209E-2
4.52654719E-1	2.14774050E-2
4.56964910E-1	2.14769822E-2
4.59734410E-1	2.14768108E-2
4.62537140E-1	2.14765426E-2
4.65524316E-1	2.14763023E-2
4.67369586E-1	2.14762967E-2
4.69185591E-1	2.14762054E-2
4.71742541E-1	2.14758236E-2
4.73618805E-1	2.14757882E-2
4.75889534E-1	2.14757472E-2
4.78950799E-1	2.14753747E-2
4.81495798E-1	2.14752257E-2
4.82628495E-1	2.14750711E-2
4.83016849E-1	2.14748345E-2
4.83781397E-1	2.14745626E-2
4.84100997E-1	2.14743316E-2
4.85523313E-1	2.14741752E-2
4.87019330E-1	2.14739311E-2
4.88056660E-1	2.14741565E-2
4.89044189E-1	2.14743353E-2
4.90461141E-1	2.14745216E-2
4.91366327E-1	2.14748047E-2
4.92073476E-1	2.14746017E-2
4.92953539E-1	2.14742832E-2
4.93583471E-1	2.14741472E-2
4.94164288E-1	2.14740057E-2
4.94817197E-1	2.14739311E-2
4.95805860E-1	2.14739274E-2
4.96608466E-1	2.14739218E-2
4.96924728E-1	2.14738175E-2
4.97908115E-1	2.14736443E-2
4.98548031E-1	2.14735493E-2
4.98784751E-1	2.14733761E-2
4.99613315E-1	2.14731395E-2
5.00291288E-1	2.14729831E-2
5.01031756E-1	2.14728080E-2
5.01947939E-1	2.14727800E-2
5.03130913E-1	2.14725994E-2
5.04386246E-1	2.14725565E-2
5.04911900E-1	2.14725621E-2
5.06483376E-1	2.14725398E-2
5.07392943E-1	2.14725453E-2
5.08282185E-1	2.14723274E-2
5.10012448E-1	2.14721970E-2
5.11258662E-1	2.14720611E-2
5.13063252E-1	2.14720685E-2
5.14139950E-1	2.14720834E-2
5.14815450E-1	2.14725733E-2
5.14731646E-1	2.14730501E-2
5.14923453E-1	2.14731600E-2
5.15430331E-1	2.14731712E-2
5.16271949E-1	2.14729719E-2
5.16800165E-1	2.14728210E-2
5.17454445E-1	2.14728620E-2
5.17553091E-1	2.14730408E-2
5.17439246E-1	2.14732662E-2
5.17597973E-1	2.14732364E-2
5.17571807E-1	2.14733128E-2
5.17448306E-1	2.14733593E-2
5.17337501E-1	2.14735214E-2
5.17113209E-1	2.14735288E-2
5.16528487E-1	2.14735474E-2
5.16083360E-1	2.14735493E-2
5.15915096E-1	2.14735493E-2
5.15558660E-1	2.14736778E-2
5.15365660E-1	2.14739125E-2
5.15226364E-1	2.14741565E-2
5.15234172E-1	2.14745384E-2
5.15099823E-1	2.14747898E-2
5.14769614E-1	2.14749966E-2
5.14429986E-1	2.14750282E-2
5.13884425E-1	2.14751530E-2
5.13182878E-1	2.14753747E-2
5.12844503E-1	2.14756113E-2
5.12630641E-1	2.14758199E-2
5.12473941E-1	2.14758515E-2
5.12380481E-1	2.14757342E-2
5.12186706E-1	2.14755777E-2
5.11892617E-1	2.14755237E-2
5.11592507E-1	2.14755796E-2
5.11417329E-1	2.14757323E-2
5.11241376E-1	2.14755703E-2
5.11034191E-1	2.14753877E-2
5.10957181E-1	2.14752592E-2
5.10753870E-1	2.14750394E-2
5.10644436E-1	2.14750152E-2
5.10626853E-1	2.14748662E-2
5.10430574E-1	2.14748941E-2
5.10373533E-1	2.14747470E-2
5.10290384E-1	2.14747433E-2
5.10217309E-1	2.14750525E-2
5.10066748E-1	2.14750692E-2
5.09785712E-1	2.14753356E-2
5.09350061E-1	2.14754306E-2
5.07996500E-1	2.14755051E-2
5.07043183E-1	2.14757677E-2
5.06088614E-1	2.14757714E-2
5.04838049E-1	2.14759614E-2
5.04255295E-1	2.14760620E-2
5.03295898E-1	2.14759856E-2
5.02635241E-1	2.14760154E-2
5.01425147E-1	2.14760788E-2
5.00691295E-1	2.14758571E-2
4.99749929E-1	2.14758161E-2
4.97911960E-1	2.14757863E-2
4.96774107E-1	2.14755666E-2
4.95654106E-1	2.14756075E-2
4.94236320E-1	2.14758236E-2
4.93562311E-1	2.14760527E-2
4.92411971E-1	2.14762613E-2
4.91570890E-1	2.14764941E-2
4.90642846E-1	2.14765593E-2
4.88982290E-1	2.14766935E-2
4.87966418E-1	2.14767046E-2
4.86921489E-1	2.14767102E-2
4.85625625E-1	2.14768220E-2
4.84929383E-1	2.14766860E-2
4.84350979E-1	2.14765873E-2
4.83276546E-1	2.14766003E-2
4.82345551E-1	2.14766078E-2
4.81396556E-1	2.14767195E-2
4.79460239E-1	2.14770325E-2
4.78026420E-1	2.14772876E-2
4.76519197E-1	2.14775614E-2
4.74053949E-1	2.14778893E-2
4.72012907E-1	2.14776676E-2
4.70872015E-1	2.14777179E-2
4.69890714E-1	2.14777403E-2
4.69215631E-1	2.14777887E-2
4.68531489E-1	2.14781575E-2
4.68142986E-1	2.14782581E-2
4.67803687E-1	2.14782767E-2
4.67708856E-1	2.14784369E-2
4.67584819E-1	2.14783400E-2
4.67549860E-1	2.14784555E-2
4.67369765E-1	2.14786436E-2
4.66515213E-1	2.14786828E-2
4.65271562E-1	2.14791484E-2
4.62676704E-1	2.14792490E-2
4.60539609E-1	2.14793850E-2
4.58732516E-1	2.14793254E-2
4.56363618E-1	2.14793049E-2
4.55187708E-1	2.14794278E-2
4.54094619E-1	2.14794353E-2
4.53150332E-1	2.14796048E-2
4.51437682E-1	2.14798041E-2
4.49532896E-1	2.14798301E-2
4.48308676E-1	2.14801114E-2
4.47015524E-1	2.14802157E-2
4.45388973E-1	2.14803498E-2
4.44322765E-1	2.14803591E-2
4.42228049E-1	2.14805603E-2
4.41061825E-1	2.14808341E-2
4.40062732E-1	2.14808788E-2
4.39190507E-1	2.14811526E-2
4.38215852E-1	2.14812867E-2
4.37538654E-1	2.14813836E-2
4.37319964E-1	2.14815382E-2
4.36596900E-1	2.14815997E-2
4.36071903E-1	2.14817170E-2
4.35357034E-1	2.14818455E-2
4.34029520E-1	2.14818157E-2
4.32689697E-1	2.14819051E-2
4.31725591E-1	2.14819498E-2
4.30345446E-1	2.14820746E-2
4.28876549E-1	2.14824602E-2
4.26492721E-1	2.14826968E-2
4.24884647E-1	2.14828774E-2
4.23148781E-1	2.14830190E-2
4.22262520E-1	2.14829799E-2
4.21301991E-1	2.14829594E-2
4.19896811E-1	2.14828700E-2
4.19168711E-1	2.14828663E-2
4.18063253E-1	2.14828253E-2
4.17238593E-1	2.14828476E-2
4.16357040E-1	2.14829333E-2
4.14504021E-1	2.14832034E-2
4.12956148E-1	2.14834381E-2
4.11483943E-1	2.14835424E-2
4.09752309E-1	2.14834716E-2
4.08607125E-1	2.14835349E-2
4.07462507E-1	2.14835275E-2
4.05900836E-1	2.14836188E-2
4.04626131E-1	2.14838851E-2
4.03213173E-1	2.14839187E-2
4.01381701E-1	2.14838758E-2
3.99497032E-1	2.14839447E-2
3.98275286E-1	2.14839689E-2
3.96970689E-1	2.14842968E-2
3.95176202E-1	2.14845613E-2
3.93948436E-1	2.14847345E-2
3.92457873E-1	2.14849450E-2
3.89319986E-1	2.14850120E-2
3.86909813E-1	2.14851312E-2
3.84439737E-1	2.14853175E-2
3.80803794E-1	2.14854963E-2
3.79152954E-1	2.14856751E-2
3.77922058E-1	2.14856882E-2
3.75814021E-1	2.14857385E-2
3.74194682E-1	2.14857813E-2
3.71481031E-1	2.14859154E-2
3.69327039E-1	2.14861818E-2
3.66148591E-1	2.14866139E-2
3.64426166E-1	2.14868747E-2
3.62849206E-1	2.14870442E-2
3.61116439E-1	2.14872528E-2
3.60033900E-1	2.14873180E-2
3.58605355E-1	2.14873012E-2
3.56211990E-1	2.14873217E-2
3.54597569E-1	2.14876495E-2
3.52206081E-1	2.14877781E-2
3.50570649E-1	2.14879662E-2
3.48182380E-1	2.14881264E-2
3.45505834E-1	2.14882419E-2
3.44615340E-1	2.14883853E-2
3.42285305E-1	2.14886293E-2
3.41062456E-1	2.14891136E-2
3.39970231E-1	2.14891303E-2
3.38073283E-1	2.14894935E-2
3.36494029E-1	2.14899424E-2
3.33314478E-1	2.14899853E-2
3.31210524E-1	2.14901548E-2
3.29208851E-1	2.14902554E-2
3.27047884E-1	2.14903671E-2
3.26175988E-1	2.14905925E-2
3.25242460E-1	2.14908794E-2
3.23894829E-1	2.14910135E-2
3.22911978E-1	2.14912090E-2
3.20775300E-1	2.14914754E-2
3.19059342E-1	2.14921068E-2
3.16138834E-1	2.14923676E-2
3.15067083E-1	2.14928985E-2
3.11596721E-1	2.14932673E-2
3.08833599E-1	2.14934293E-2
3.06908488E-1	2.14935094E-2
3.04302245E-1	2.14935727E-2
3.02762657E-1	2.14939024E-2
3.01015198E-1	2.14941036E-2
2.99410284E-1	2.14942843E-2
2.97468215E-1	2.14944314E-2
2.95663238E-1	2.14946847E-2
2.95188278E-1	2.14948766E-2
2.94032812E-1	2.14949679E-2
2.93247998E-1	2.14949492E-2
2.92947352E-1	2.14948934E-2
2.92876869E-1	2.14949436E-2
2.92891353E-1	2.14950535E-2
2.92898178E-1	2.14950442E-2
2.92896658E-1	2.14951020E-2
2.92417854E-1	2.14951057E-2
2.90438086E-1	2.14951634E-2
2.89536685E-1	2.14954820E-2
2.86387801E-1	2.14957427E-2
2.83069909E-1	2.14958563E-2
2.82188684E-1	2.14959979E-2
2.80045927E-1	2.14960072E-2
2.78470516E-1	2.14961357E-2
2.77503073E-1	2.14963164E-2
2.76728958E-1	2.14963295E-2
2.75167793E-1	2.14968137E-2
2.73427606E-1	2.14970801E-2
2.72829980E-1	2.14974396E-2
2.70132154E-1	2.14979015E-2
2.67660260E-1	2.14981083E-2
2.66025364E-1	2.14983039E-2
2.64022678E-1	2.14984678E-2
2.61627167E-1	2.14988906E-2
2.59820133E-1	2.14993432E-2
2.57612288E-1	2.14997679E-2
2.54787207E-1	2.15000790E-2
2.52442449E-1	2.15002336E-2
2.51786381E-1	2.15003621E-2
2.49988794E-1	2.15004664E-2
2.47748390E-1	2.15008017E-2
2.46972978E-1	2.15009581E-2
2.44947568E-1	2.15012133E-2
2.43357271E-1	2.15015076E-2
2.42631748E-1	2.15016883E-2
2.41807505E-1	2.15018131E-2
2.39566401E-1	2.15020869E-2
2.37230673E-1	2.15024073E-2
2.36299604E-1	2.15026177E-2
2.33637556E-1	2.15030462E-2
2.31755853E-1	2.15033498E-2
2.31026068E-1	2.15036385E-2
2.28846550E-1	2.15041004E-2
2.26854563E-1	2.15046946E-2
2.25450963E-1	2.15049945E-2
2.24202663E-1	2.15051547E-2
2.22475484E-1	2.15055458E-2
2.20782667E-1	2.15056799E-2
2.20254704E-1	2.15058103E-2
2.18258157E-1	2.15060525E-2
2.16147542E-1	2.15061922E-2
2.14693725E-1	2.15063933E-2
2.12857261E-1	2.15068068E-2
2.09926754E-1	2.15074606E-2
2.07806125E-1	2.15079561E-2
2.04534471E-1	2.15083752E-2
2.02880189E-1	2.15090271E-2
2.01259494E-1	2.15093009E-2
2.00488850E-1	2.15096138E-2
1.99556842E-1	2.15098318E-2
1.98017865E-1	2.15103105E-2
1.96994990E-1	2.15104260E-2
1.95998654E-1	2.15108357E-2
1.95149288E-1	2.15109996E-2
1.94778666E-1	2.15108898E-2
1.94080964E-1	2.15107333E-2
1.93683863E-1	2.15107705E-2
1.92654595E-1	2.15109419E-2
1.91611707E-1	2.15113908E-2
1.90382078E-1	2.15118490E-2
1.89397126E-1	2.15123612E-2
1.88415855E-1	2.15127002E-2
1.86685264E-1	2.15131640E-2
1.85220137E-1	2.15133261E-2
1.83958322E-1	2.15136353E-2
1.82314336E-1	2.15137303E-2
1.81941569E-1	2.15137620E-2
1.81920424E-1	2.15137359E-2
1.81890249E-1	2.15135887E-2
1.82030216E-1	2.15136707E-2
1.81926757E-1	2.15136968E-2
1.81274593E-1	2.15139240E-2
1.79338738E-1	2.15147268E-2
1.77753836E-1	2.15158723E-2
1.75658301E-1	2.15163510E-2
1.72648013E-1	2.15175617E-2
1.70556247E-1	2.15182416E-2
1.69421896E-1	2.15185229E-2
1.68653160E-1	2.15186719E-2
1.67376995E-1	2.15189066E-2
1.66845471E-1	2.15191133E-2
1.66238338E-1	2.15194412E-2
1.64946005E-1	2.15198454E-2
1.64576575E-1	2.15198807E-2
1.64269567E-1	2.15199925E-2
1.63663536E-1	2.15202719E-2
1.63072884E-1	2.15205234E-2
1.62068561E-1	2.15208214E-2
1.61318064E-1	2.15213634E-2
1.59808517E-1	2.15216465E-2
1.59082577E-1	2.15218905E-2
1.58109456E-1	2.15221774E-2
1.55746192E-1	2.15231720E-2
1.53961033E-1	2.15243269E-2
1.52338609E-1	2.15246752E-2
1.49996579E-1	2.15257667E-2
1.48598790E-1	2.15267204E-2
1.46737203E-1	2.15270743E-2
1.45412579E-1	2.15278659E-2
1.43714771E-1	2.15291008E-2
1.40961766E-1	2.15300880E-2
1.38942376E-1	2.15316694E-2
1.36947498E-1	2.15326045E-2
1.34545624E-1	2.15338096E-2
1.33127555E-1	2.15344224E-2
1.31081969E-1	2.15350408E-2
1.29494011E-1	2.15366688E-2
1.26520798E-1	2.15377994E-2
1.24453507E-1	2.15398110E-2
1.22334622E-1	2.15412248E-2
1.19523957E-1	2.15423908E-2
1.17770337E-1	2.15440802E-2
1.15506515E-1	2.15450320E-2
1.14265710E-1	2.15453766E-2
1.13974355E-1	2.15456430E-2
1.13537833E-1	2.15456318E-2
1.13554053E-1	2.15458386E-2
1.13412283E-1	2.15460043E-2
1.13232449E-1	2.15462781E-2
1.12831235E-1	2.15466674E-2
1.12369113E-1	2.15471163E-2
1.11660302E-1	2.15481091E-2
1.09746777E-1	2.15492714E-2
1.08175419E-1	2.15513501E-2
1.06455326E-1	2.15526335E-2
1.03989795E-1	2.15537250E-2
1.03301607E-1	2.15552952E-2
9.85788852E-2	2.15561725E-2
9.81750935E-2	2.15575118E-2
9.77612659E-2	2.15583686E-2
9.72844064E-2	2.15588622E-2
9.65699628E-2	2.15594769E-2
9.59158093E-2	2.15602275E-2
9.46759731E-2	2.15610396E-2
9.34071615E-2	2.15622988E-2
9.09562111E-2	2.15646587E-2
8.90661627E-2	2.15666760E-2
8.58985931E-2	2.15689000E-2
8.40476751E-2	2.15719026E-2
8.23058113E-2	2.15747803E-2
8.04952681E-2	2.15756781E-2
7.83026442E-2	2.15782188E-2
7.68383816E-2	2.15804949E-2
7.54392222E-2	2.15819851E-2
7.30827451E-2	2.15838514E-2
7.12252408E-2	2.15875451E-2
6.91054016E-2	2.15914808E-2
6.59510344E-2	2.15927660E-2
6.32053539E-2	2.15967298E-2
6.24075979E-2	2.15998553E-2
6.03011176E-2	2.16018949E-2
5.88508435E-2	2.16044188E-2
5.65258488E-2	2.16081683E-2
5.50246835E-2	2.16104537E-2
5.26789129E-2	2.16133296E-2
5.09790964E-2	2.16177627E-2
4.94856983E-2	2.16210280E-2
4.77212742E-2	2.16221716E-2
4.66978364E-2	2.16250438E-2
4.57538962E-2	2.16283910E-2
4.37285975E-2	2.16297787E-2
4.20086458E-2	2.16348954E-2
3.96040939E-2	2.16394607E-2
3.83940488E-2	2.16414966E-2
3.71312127E-2	2.16436163E-2
3.60787362E-2	2.16472354E-2
3.49840783E-2	2.16518156E-2
3.22164223E-2	2.16563586E-2
2.89504435E-2	2.16611717E-2
2.78698280E-2	2.16680393E-2
2.48198360E-2	2.16721091E-2
2.34622732E-2	2.16752477E-2
2.21851394E-2	2.16772947E-2
2.19303630E-2	2.16777828E-2
2.19235439E-2	2.16781441E-2
2.19204258E-2	2.16783937E-2
2.18989979E-2	2.16802489E-2
1.91062223E-2	2.16837265E-2
1.47309452E-2	2.16904413E-2
1.13855600E-2	2.16956660E-2
7.88603537E-3	2.17005573E-2
5.26893046E-3	2.17046794E-2
4.42458503E-3	2.17069257E-2
3.80940340E-3	2.17072368E-2
3.31825134E-3	2.17086021E-2
2.34703650E-3	2.17119716E-2
2.00233632E-3	2.17139218E-2
1.03808439E-3	2.17159502E-2
4.60469339E-4	2.17184909E-2
6.62426392E-5	2.17185523E-2
3.26958070E-5	2.17184611E-2
3.09982279E-5	2.17185766E-2
2.90598309E-5	2.17185114E-2
2.82000183E-5	2.17185598E-2
2.72356265E-5	2.17187069E-2
2.59993285E-5	2.17187069E-2
2.53475428E-5	2.17188671E-2
2.41739926E-5	2.17190702E-2
2.35702573E-5	2.17193384E-2
2.30552741E-5	2.17195619E-2
2.24153609E-5	2.17196476E-2
2.18478053E-5	2.17195880E-2
2.13729581E-5	2.17195693E-2
2.12604646E-5	2.17196420E-2
2.08698457E-5	2.17196550E-2
2.03418622E-5	2.17197239E-2
2.00965242E-5	2.17198171E-2
1.98127454E-5	2.17201058E-2
1.93073720E-5	2.17204560E-2
1.88342219E-5	2.17206851E-2
1.85408335E-5	2.17209421E-2
1.78585233E-5	2.17211824E-2
1.75849200E-5	2.17211004E-2
1.75323476E-5	2.17213519E-2
1.71349457E-5	2.17211787E-2
1.69551822E-5	2.17209216E-2
1.68839561E-5	2.17209831E-2
1.65368692E-5	2.17211973E-2
1.65244364E-5	2.17215531E-2
1.64419052E-5	2.17218287E-2
1.53034052E-5	2.17220187E-2
1.31564157E-5	2.17223465E-2
1.07036021E-5	2.17223465E-2
9.89183900E-6	2.17224527E-2
8.73694171E-6	2.17225254E-2
8.60353157E-6	2.17223801E-2
8.59166084E-6	2.17224117E-2
8.72393957E-6	2.17223242E-2
8.63857986E-6	2.17223912E-2
8.61709941E-6	2.17223670E-2
8.58996464E-6	2.17223279E-2
8.69906671E-6	2.17222590E-2
8.60522778E-6	2.17222013E-2
8.31918896E-6	2.17220522E-2
8.21743561E-6	2.17222292E-2
7.95287815E-6	2.17223689E-2
7.93591880E-6	2.17224639E-2
8.04841238E-6	2.17227954E-2
8.04445517E-6	2.17227545E-2
8.01619080E-6	2.17230842E-2
7.96927088E-6	2.17230618E-2
7.78668073E-6	2.17231233E-2
7.76576508E-6	2.17230562E-2
7.66231642E-6	2.17230320E-2
7.53569020E-6	2.17229240E-2
7.44863473E-6	2.17229035E-2
7.24060646E-6	2.17230618E-2
7.28752593E-6	2.17232481E-2
7.32596573E-6	2.17233188E-2
7.43732880E-6	2.17235852E-2
7.54869188E-6	2.17235982E-2
7.51760081E-6	2.17235759E-2
7.62726813E-6	2.17237454E-2
7.54360281E-6	2.17237342E-2
7.46332898E-6	2.17236560E-2
7.31804585E-6	2.17235386E-2
7.27395127E-6	2.17235144E-2
7.26773214E-6	2.17233878E-2
7.24851225E-6	2.17232257E-2
7.27338511E-6	2.17233561E-2
7.25755672E-6	2.17233580E-2
7.19028685E-6	2.17234250E-2
1.91608297E-6	2.17235927E-2
1.34513573E-6	2.17235833E-2
-6.92308504E-8	2.17236858E-2
-1.30892147E-6	2.17238683E-2
1.38527798E-6	2.17238497E-2
2.58370278E-6	2.17237249E-2
2.65153813E-6	2.17237882E-2
2.63118750E-6	2.17237975E-2
2.71089402E-6	2.17237081E-2
2.69450061E-6	2.17239261E-2
2.61196760E-6	2.17239689E-2
2.52943460E-6	2.17240248E-2
2.56957060E-6	2.17239670E-2
2.49042932E-6	2.17238776E-2
2.57918055E-6	2.17238143E-2
2.75498701E-6	2.17235256E-2
2.62327353E-6	2.17233896E-2
2.75781349E-6	2.17233170E-2
2.72502643E-6	2.17232686E-2
2.54017527E-6	2.17231978E-2
2.65945232E-6	2.17233449E-2
2.54978522E-6	2.17234716E-2
2.50003927E-6	2.17234790E-2
2.54582824E-6	2.17237435E-2
2.61140235E-6	2.17237249E-2
2.68036820E-6	2.17236914E-2
2.88048250E-6	2.17236504E-2
2.91779179E-6	2.17234585E-2
2.81321240E-6	2.17235032E-2
2.61648984E-6	2.17232686E-2
2.61253285E-6	2.17231996E-2
2.54356701E-6	2.17230637E-2
2.69336988E-6	2.17227880E-2
2.74594231E-6	2.17226725E-2
2.74368108E-6	2.17226408E-2
2.80247173E-6	2.17226222E-2
2.60914112E-6	2.17226837E-2
2.62723051E-6	2.17227004E-2
2.70467581E-6	2.17226371E-2
2.66058282E-6	2.17225160E-2
2.73180990E-6	2.17224881E-2
2.74481181E-6	2.17225309E-2
2.78890479E-6	2.17227433E-2
2.61762057E-6	2.17229072E-2
2.62383878E-6	2.17229016E-2
-2.83993752E-4	2.17242893E-2
-8.84245557E-4	2.17267536E-2
-1.33609015E-3	2.17289738E-2
-2.38877442E-3	2.17348393E-2
-5.07344166E-3	2.17514820E-2
-7.22293975E-3	2.17703748E-2
-9.41002369E-3	2.17768233E-2
-1.20769329E-2	2.17921641E-2
-1.32862478E-2	2.18001772E-2
-1.36541938E-2	2.18101256E-2
-1.56293213E-2	2.18231138E-2
-1.75734758E-2	2.18420923E-2
-1.82301216E-2	2.18541883E-2
-2.00315416E-2	2.18631476E-2
-2.09162682E-2	2.18703989E-2
-2.15598773E-2	2.18773559E-2
-2.22392771E-2	2.18794718E-2
-2.31287144E-2	2.18875576E-2
-2.50533950E-2	2.18949076E-2
-2.58227568E-2	2.18972042E-2
-2.88368724E-2	2.19032150E-2
-3.07839420E-2	2.19047610E-2
-3.26710045E-2	2.19043046E-2
-3.31548639E-2	2.19032336E-2
-3.39783318E-2	2.19012313E-2
-3.47648561E-2	2.19007302E-2
-3.50383781E-2	2.18988024E-2
-3.63298431E-2	2.18935646E-2
-3.89072560E-2	2.18914356E-2
-3.95934097E-2	2.18817201E-2
-4.11439575E-2	2.18789857E-2
-4.22898084E-2	2.18708236E-2
-4.36217785E-2	2.18641926E-2
-4.44306135E-2	2.18621567E-2
-4.50504832E-2	2.18569804E-2
-4.56238873E-2	2.18544491E-2
-4.61373888E-2	2.18501315E-2
-4.73551489E-2	2.18463857E-2
-4.82420027E-2	2.18400862E-2
-4.98077236E-2	2.18350925E-2
-5.03206067E-2	2.18301080E-2
-5.19187674E-2	2.18223482E-2
-5.32374717E-2	2.18177680E-2
-5.39715737E-2	2.18136515E-2
-5.48363701E-2	2.18074434E-2
-5.62827289E-2	2.18037907E-2
-5.67623079E-2	2.17976496E-2
-5.82681186E-2	2.17931122E-2
-5.95585220E-2	2.17862967E-2
-6.05031364E-2	2.17819270E-2
-6.14036247E-2	2.17778422E-2
-6.25568032E-2	2.17722543E-2
-6.33591488E-2	2.17681676E-2
-6.37227371E-2	2.17660964E-2
-6.40562326E-2	2.17639972E-2
-6.46924451E-2	2.17606649E-2
-6.49684444E-2	2.17585508E-2
-6.59317151E-2	2.17547249E-2
-6.68615028E-2	2.17506755E-2
-6.75688609E-2	2.17480045E-2
-6.86679333E-2	2.17449516E-2
-6.93465620E-2	2.17406265E-2
-7.03858212E-2	2.17368249E-2
-7.06620663E-2	2.17355639E-2
-7.14942440E-2	2.17320770E-2
-7.25294799E-2	2.17281897E-2
-7.33235702E-2	2.17248108E-2
-7.51613677E-2	2.17192378E-2
-7.77417421E-2	2.17111818E-2
-7.91525990E-2	2.17066575E-2
-8.06308389E-2	2.17018835E-2
-8.18482712E-2	2.16982085E-2
-8.23201910E-2	2.16964744E-2
-8.27744231E-2	2.16947310E-2
-8.31442624E-2	2.16934308E-2
-8.33161697E-2	2.16920879E-2
-8.35285485E-2	2.16911398E-2
-8.39684680E-2	2.16889307E-2
-8.53694156E-2	2.16863416E-2
-8.65432769E-2	2.16820203E-2
-8.77651572E-2	2.16787793E-2
-8.97211730E-2	2.16754004E-2
-9.09088105E-2	2.16712095E-2
-9.18947160E-2	2.16685086E-2
-9.32199880E-2	2.16632392E-2
-9.57116857E-2	2.16577630E-2
-9.80786234E-2	2.16560010E-2
-9.88397524E-2	2.16504764E-2
-1.01287223E-1	2.16459464E-2
-1.03508189E-1	2.16428880E-2
-1.05181329E-1	2.16394942E-2
-1.08128831E-1	2.16340721E-2
-1.11451425E-1	2.16278192E-2
-1.12609297E-1	2.16256231E-2
-1.22995451E-1	2.16190424E-2
-1.23252250E-1	2.16131583E-2
-1.23611592E-1	2.16116793E-2
-1.23878688E-1	2.16078758E-2
-1.24783784E-1	2.16055419E-2
-1.25844330E-1	2.16043480E-2
-1.26324400E-1	2.16028355E-2
-1.27968863E-1	2.16003675E-2
-1.29305959E-1	2.15974264E-2
-1.32038966E-1	2.15950105E-2
-1.34037718E-1	2.15927307E-2
-1.36895388E-1	2.15892978E-2
-1.38419613E-1	2.15874854E-2
-1.39503554E-1	2.15853676E-2
-1.40765160E-1	2.15841383E-2
-1.41909584E-1	2.15832833E-2
-1.42438650E-1	2.15818342E-2
-1.43089175E-1	2.15809997E-2
-1.43526033E-1	2.15806235E-2
-1.43918037E-1	2.15798579E-2
-1.44477665E-1	2.15789434E-2
-1.45162448E-1	2.15781238E-2
-1.46084502E-1	2.15773229E-2
-1.46784648E-1	2.15766076E-2
-1.48375973E-1	2.15753354E-2
-1.49345100E-1	2.15741899E-2
-1.50244996E-1	2.15730127E-2
-1.51455760E-1	2.15721950E-2
-1.52407080E-1	2.15715561E-2
-1.52726397E-1	2.15707608E-2
-1.53727412E-1	2.15699784E-2
-1.54414594E-1	2.15697195E-2
-1.54962867E-1	2.15691999E-2
-1.55841187E-1	2.15680543E-2
-1.57130525E-1	2.15668082E-2
-1.59097567E-1	2.15657912E-2
-1.60145298E-1	2.15649325E-2
-1.61641255E-1	2.15639807E-2
-1.62682846E-1	2.15633493E-2
-1.63906693E-1	2.15619765E-2
-1.65994570E-1	2.15611272E-2
-1.67382151E-1	2.15601996E-2
-1.69343203E-1	2.15581283E-2
-1.72649831E-1	2.15561818E-2
-1.76023796E-1	2.15547066E-2
-1.78809911E-1	2.15530097E-2
-1.81497917E-1	2.15508454E-2
-1.84923559E-1	2.15495769E-2
-1.88080087E-1	2.15484574E-2
-1.90208286E-1	2.15465650E-2
-1.93248048E-1	2.15454064E-2
-1.95133820E-1	2.15442646E-2
-1.96942076E-1	2.15425827E-2
-1.99938238E-1	2.15408821E-2
-2.03258529E-1	2.15399545E-2
-2.04361290E-1	2.15387754E-2
-2.07645014E-1	2.15372816E-2
-2.09881708E-1	2.15367898E-2
-2.10652173E-1	2.15362906E-2
-2.11283192E-1	2.15358734E-2
-2.12020695E-1	2.15353668E-2
-2.12351069E-1	2.15351079E-2
-2.12465078E-1	2.15348117E-2
-2.12613732E-1	2.15344504E-2
-2.12704793E-1	2.15344075E-2
-2.12817565E-1	2.15342175E-2
-2.13552982E-1	2.15336569E-2
-2.14488283E-1	2.15331167E-2
-2.14904502E-1	2.15326808E-2
-2.16138884E-1	2.15324778E-2
-2.16676116E-1	2.15323921E-2
-2.16912344E-1	2.15323828E-2
-2.16958418E-1	2.15322077E-2
-2.17361927E-1	2.15319209E-2
-2.18578070E-1	2.15316210E-2
-2.19894454E-1	2.15310473E-2
-2.22347528E-1	2.15301644E-2
-2.24452391E-1	2.15295665E-2
-2.24955350E-1	2.15288717E-2
-2.26197287E-1	2.15285141E-2
-2.27018937E-1	2.15281844E-2
-2.27338970E-1	2.15277653E-2
-2.28732690E-1	2.15271655E-2
-2.30237141E-1	2.15266794E-2
-2.31174484E-1	2.15265788E-2
-2.32114837E-1	2.15263162E-2
-2.32926100E-1	2.15262491E-2
-2.33319074E-1	2.15260088E-2
-2.33797222E-1	2.15256847E-2
-2.37354845E-1	2.15244275E-2
-2.41236910E-1	2.15232540E-2
-2.45137364E-1	2.15220619E-2
-2.51066178E-1	2.15202719E-2
-2.54595548E-1	2.15194505E-2
-2.55184472E-1	2.15189904E-2
-2.57230550E-1	2.15186626E-2
-2.59420425E-1	2.15179604E-2
-2.60607362E-1	2.15176493E-2
-2.61730313E-1	2.15169806E-2
-2.63523906E-1	2.15162113E-2
-2.65449405E-1	2.15157028E-2
-2.66821593E-1	2.15152614E-2
-2.68022478E-1	2.15148162E-2
-2.69300401E-1	2.15145126E-2
-2.70257235E-1	2.15140637E-2
-2.71508157E-1	2.15137936E-2
-2.72342116E-1	2.15135887E-2
-2.73196191E-1	2.15134304E-2
-2.74397105E-1	2.15132739E-2
-2.76024103E-1	2.15130392E-2
-2.77213275E-1	2.15126853E-2
-2.78416514E-1	2.15121843E-2
-2.79959947E-1	2.15120390E-2
-2.80874997E-1	2.15117671E-2
-2.81793088E-1	2.15113759E-2
-2.83299208E-1	2.15109214E-2
-2.84676313E-1	2.15106215E-2
-2.85016775E-1	2.15104651E-2
-2.85931587E-1	2.15101168E-2
-2.86788672E-1	2.15100367E-2
-2.87327856E-1	2.15099957E-2
-2.87799209E-1	2.15097293E-2
-2.88835198E-1	2.15096008E-2
-2.90234983E-1	2.15093251E-2
-2.91274250E-1	2.15089340E-2
-2.92624086E-1	2.15085577E-2
-2.93246001E-1	2.15084851E-2
-2.93805838E-1	2.15084385E-2
-2.94694155E-1	2.15082057E-2
-2.95680791E-1	2.15080976E-2
-2.96179771E-1	2.15080064E-2
-2.96780676E-1	2.15078499E-2
-2.97597200E-1	2.15075258E-2
-2.98001260E-1	2.15074364E-2
-2.98430175E-1	2.15071570E-2
-2.98964262E-1	2.15069111E-2
-2.99451828E-1	2.15068161E-2
-2.99949080E-1	2.15064716E-2
-3.00886452E-1	2.15062723E-2
-3.01449239E-1	2.15062127E-2
-3.01938057E-1	2.15060022E-2
-3.02603275E-1	2.15058979E-2
-3.03003222E-1	2.15058066E-2
-3.03302020E-1	2.15058047E-2
-3.03826332E-1	2.15057358E-2
-3.04388613E-1	2.15055682E-2
-3.05273682E-1	2.15053111E-2
-3.06433380E-1	2.15047318E-2
-3.08061928E-1	2.15041768E-2
-3.09110582E-1	2.15040538E-2
-3.09764922E-1	2.15039607E-2
-3.10087115E-1	2.15039905E-2
-3.10219467E-1	2.15040594E-2
-3.10264498E-1	2.15038527E-2
-3.10429364E-1	2.15039514E-2
-3.10768187E-1	2.15038992E-2
-3.11292648E-1	2.15037279E-2
-3.12058389E-1	2.15035137E-2
-3.13763618E-1	2.15032045E-2
-3.15487087E-1	2.15031207E-2
-3.16522658E-1	2.15027817E-2
-3.17647696E-1	2.15027276E-2
-3.18116248E-1	2.15027146E-2
-3.18527699E-1	2.15022247E-2
-3.19445580E-1	2.15019844E-2
-3.20987254E-1	2.15018746E-2
-3.21675450E-1	2.15015765E-2
-3.24044168E-1	2.15013213E-2
-3.26222003E-1	2.15009563E-2
-3.27440649E-1	2.15008780E-2
-3.28461081E-1	2.15003677E-2
-3.29717845E-1	2.14999989E-2
-3.31069499E-1	2.14997213E-2
-3.31910402E-1	2.14994960E-2
-3.33173752E-1	2.14993469E-2
-3.34007800E-1	2.14995202E-2
-3.34742904E-1	2.14992166E-2
-3.36052239E-1	2.14990880E-2
-3.37253720E-1	2.14988887E-2
-3.37928176E-1	2.14985888E-2
-3.38440448E-1	2.14986280E-2
-3.39024723E-1	2.14984156E-2
-3.39476824E-1	2.14983542E-2
-3.40124846E-1	2.14982014E-2
-3.40778917E-1	2.14980058E-2
-3.42567801E-1	2.14979704E-2
-3.43185961E-1	2.14977395E-2
-3.44987541E-1	2.14972366E-2
-3.46495092E-1	2.14970242E-2
-3.46998215E-1	2.14966815E-2
-3.47358108E-1	2.14964394E-2
-3.48257691E-1	2.14963611E-2
-3.48639667E-1	2.14962754E-2
-3.50008309E-1	2.14960240E-2
-3.51522595E-1	2.14957446E-2
-3.52733493E-1	2.14956794E-2
-3.54703069E-1	2.14952528E-2
-3.57321262E-1	2.14948580E-2
-3.59509438E-1	2.14947369E-2
-3.60254049E-1	2.14943755E-2
-3.62281293E-1	2.14939248E-2
-3.63760829E-1	2.14937590E-2
-3.64773721E-1	2.14934219E-2
-3.66013527E-1	2.14932021E-2
-3.66704255E-1	2.14930233E-2
-3.67433161E-1	2.14927103E-2
-3.68741423E-1	2.14925911E-2
-3.69792342E-1	2.14924458E-2
-3.71431768E-1	2.14924086E-2
-3.72440964E-1	2.14923080E-2
-3.73986810E-1	2.14922149E-2
-3.75379562E-1	2.14921664E-2
-3.76701772E-1	2.14918107E-2
-3.78379911E-1	2.14916747E-2
-3.80577326E-1	2.14914270E-2
-3.81720781E-1	2.14911886E-2
-3.82721126E-1	2.14910619E-2
-3.83354574E-1	2.14907806E-2
-3.83920908E-1	2.14905925E-2
-3.85082245E-1	2.14904062E-2
-3.86271924E-1	2.14901436E-2
-3.87157768E-1	2.14900170E-2
-3.87881279E-1	2.14898866E-2
-3.88671249E-1	2.14897580E-2
-3.89540762E-1	2.14896929E-2
-3.89987320E-1	2.14896351E-2
-3.90696853E-1	2.14894954E-2
-3.92223865E-1	2.14894470E-2
-3.93541694E-1	2.14890894E-2
-3.95156264E-1	2.14890614E-2
-3.97275478E-1	2.14888249E-2
-3.98557663E-1	2.14886628E-2
-4.00315613E-1	2.14886740E-2
-4.01602000E-1	2.14884989E-2
-4.02589917E-1	2.14883592E-2
-4.03578699E-1	2.14881580E-2
-4.04715449E-1	2.14879382E-2
-4.05966848E-1	2.14878749E-2
-4.06801701E-1	2.14876737E-2
-4.08417612E-1	2.14872956E-2
-4.09398407E-1	2.14870963E-2
-4.10249323E-1	2.14866754E-2
-4.11625296E-1	2.14865245E-2
-4.12472099E-1	2.14864183E-2
-4.13635284E-1	2.14862600E-2
-4.15080339E-1	2.14861892E-2
-4.17058587E-1	2.14859862E-2
-4.18273777E-1	2.14858204E-2
-4.19119954E-1	2.14857459E-2
-4.19501841E-1	2.14856714E-2
-4.19550836E-1	2.14858130E-2
-4.19895142E-1	2.14859098E-2
-4.20814306E-1	2.14858446E-2
-4.22308087E-1	2.14860067E-2
-4.23032284E-1	2.14858446E-2
-4.25116241E-1	2.14853846E-2
-4.26927567E-1	2.14852002E-2
-4.28349495E-1	2.14850996E-2
-4.29572552E-1	2.14848928E-2
-4.31050658E-1	2.14847457E-2
-4.31937635E-1	2.14843787E-2
-4.32578385E-1	2.14842465E-2
-4.33241725E-1	2.14842409E-2
-4.33974296E-1	2.14840993E-2
-4.34900939E-1	2.14840528E-2
-4.36516523E-1	2.14838404E-2
-4.37658489E-1	2.14836784E-2
-4.38038200E-1	2.14835964E-2
-4.38046455E-1	2.14833729E-2
-4.37764019E-1	2.14830544E-2
-4.37508911E-1	2.14828998E-2
-4.37224299E-1	2.14827321E-2
-4.37428504E-1	2.14830004E-2
-4.37812418E-1	2.14830078E-2
-4.38500375E-1	2.14829408E-2
-4.40078467E-1	2.14826968E-2
-4.41305906E-1	2.14825701E-2
-4.43255305E-1	2.14823671E-2
-4.44375694E-1	2.14823652E-2
-4.45914805E-1	2.14823503E-2
-4.46772486E-1	2.14823168E-2
-4.47637141E-1	2.14822628E-2
-4.48276013E-1	2.14822162E-2
-4.48942244E-1	2.14821678E-2
-4.50321972E-1	2.14819275E-2
-4.52641129E-1	2.14817207E-2
-4.54348236E-1	2.14814264E-2
-4.56751257E-1	2.14812644E-2
-4.58172023E-1	2.14811694E-2
-4.59429532E-1	2.14810893E-2
-4.61194336E-1	2.14807373E-2
-4.62817937E-1	2.14803554E-2
-4.63651359E-1	2.14803051E-2
-4.64545727E-1	2.14801002E-2
-4.65907574E-1	2.14801859E-2
-4.67005908E-1	2.14800444E-2
-4.67690825E-1	2.14800779E-2
-4.68110383E-1	2.14800406E-2
-4.68180597E-1	2.14798395E-2
-4.68251705E-1	2.14799475E-2
-4.68458712E-1	2.14798320E-2
-4.68759596E-1	2.14797407E-2
-4.69292164E-1	2.14798562E-2
-4.70125139E-1	2.14796420E-2
-4.71014023E-1	2.14796476E-2
-4.71688688E-1	2.14796793E-2
-4.73007828E-1	2.14794688E-2
-4.73983794E-1	2.14795545E-2
-4.75516737E-1	2.14795154E-2
-4.76455510E-1	2.14794613E-2
-4.77667511E-1	2.14794595E-2
-4.78865296E-1	2.14793272E-2
-4.79252636E-1	2.14793254E-2
-4.80425984E-1	2.14793123E-2
-4.81536120E-1	2.14792117E-2
-4.82167035E-1	2.14791577E-2
-4.83193517E-1	2.14789156E-2
-4.83939588E-1	2.14788262E-2
-4.84585136E-1	2.14788485E-2
-4.85628128E-1	2.14787945E-2
-4.86417681E-1	2.14789920E-2
-4.86820996E-1	2.14791633E-2
-4.87805158E-1	2.14791428E-2
-4.88553762E-1	2.14792006E-2
-4.89730269E-1	2.14790720E-2
-4.90547776E-1	2.14788876E-2
-4.91531551E-1	2.14788206E-2
-4.92307991E-1	2.14788150E-2
-4.92518038E-1	2.14788504E-2
-4.93104905E-1	2.14789398E-2
-4.93338138E-1	2.14791093E-2
-4.93336797E-1	2.14790348E-2
-4.93660301E-1	2.14791466E-2
-4.94017243E-1	2.14791782E-2
-4.94176567E-1	2.14790720E-2
-4.94545639E-1	2.14790627E-2
-4.94728297E-1	2.14791372E-2
-4.94721949E-1	2.14791857E-2
-4.94693279E-1	2.14791950E-2
-4.94693458E-1	2.14793719E-2
-4.94625896E-1	2.14793868E-2
-4.94601250E-1	2.14793235E-2
-4.94586438E-1	2.14791782E-2
-4.94626045E-1	2.14790944E-2
-4.94570374E-1	2.14789417E-2
-4.94538069E-1	2.14787461E-2
-4.94558901E-1	2.14786157E-2
-4.94506806E-1	2.14786064E-2
-4.94545847E-1	2.14787573E-2
-4.94571090E-1	2.14789584E-2
-4.94580120E-1	2.14791857E-2
-4.94529277E-1	2.14791074E-2
-4.94505852E-1	2.14792714E-2
-4.94461358E-1	2.14792658E-2
-4.94245321E-1	2.14790627E-2
-4.94221896E-1	2.14791037E-2
-4.94188815E-1	2.14788802E-2
-4.94233698E-1	2.14789603E-2
-4.94323432E-1	2.14790441E-2
-4.94354635E-1	2.14790832E-2
-4.94350553E-1	2.14793459E-2
-4.94297743E-1	2.14794781E-2
-4.94271517E-1	2.14797594E-2
-4.94256318E-1	2.14797966E-2
-4.94244635E-1	2.14798879E-2
-4.94215369E-1	2.14798767E-2
-4.94217575E-1	2.14799736E-2
-4.94163066E-1	2.14801282E-2
-4.94068861E-1	2.14800574E-2
-4.99054015E-1	2.14801654E-2
-5.05825460E-1	2.14801021E-2
-5.10520458E-1	2.14800201E-2
-5.14432728E-1	2.14801356E-2
-5.11441827E-1	2.14801636E-2
-5.05664110E-1	2.14803945E-2
-5.01814365E-1	2.14807391E-2
-5.00199556E-1	2.14807242E-2
-4.97700334E-1	2.14808732E-2
-4.96598333E-1	2.14808006E-2
-4.95924264E-1	2.14807522E-2
-4.94120747E-1	2.14808695E-2
-4.93219405E-1	2.14806907E-2
-4.92735982E-1	2.14807000E-2
-4.94441867E-1	2.14807689E-2
-4.95209277E-1	2.14808304E-2
-4.95596498E-1	2.14808322E-2
-4.95725125E-1	2.14809086E-2
-4.94103730E-1	2.14808602E-2
-4.93794858E-1	2.14807764E-2
-4.97125268E-1	2.14807391E-2
-4.87353444E-1	2.14992780E-2
4.07091854E-3	2.15590876E-2
2.95387139E-3	2.15972830E-2
1.89178507E-3	2.16357149E-2
3.26233334E-4	2.16747802E-2
-3.15281592E-4	2.16723997E-2
-2.24382995E-4	2.16726754E-2
-1.84722885E-4	2.16727704E-2
-1.47542742E-4	2.16729678E-2
-1.30950139E-4	2.16730610E-2
-1.17875388E-4	2.16731708E-2
-1.01850354E-4	2.16731578E-2
-9.04353074E-5	2.16732081E-2
-8.41299843E-5	2.16733590E-2
-7.60569819E-5	2.16733590E-2
-6.95164927E-5	2.16734968E-2
-6.56080301E-5	2.16736477E-2
-6.17233090E-5	2.16738004E-2
-5.69731201E-5	2.16738842E-2
-5.42568669E-5	2.16738861E-2
-5.16757209E-5	2.16738824E-2
-4.80917370E-5	2.16738749E-2
-4.49436011E-5	2.16739923E-2
-4.29237953E-5	2.16740742E-2
-4.04551429E-5	2.16738507E-2
-3.81719074E-5	2.16739438E-2
-3.74732008E-5	2.16738582E-2
-3.52334937E-5	2.16737166E-2
-3.31345473E-5	2.16738619E-2
-3.25573783E-5	2.16739494E-2
-3.05737485E-5	2.16739755E-2
-2.88948177E-5	2.16741562E-2
-2.79502074E-5	2.16741692E-2
-2.68659678E-5	2.16742083E-2
-2.56183575E-5	2.16742065E-2
-2.45165938E-5	2.16742381E-2
-2.36488613E-5	2.16742679E-2
-2.29835077E-5	2.16741823E-2
-2.20230686E-5	2.16742139E-2
-2.12514369E-5	2.16742083E-2
-2.03695745E-5	2.16742810E-2
-1.97737518E-5	2.16743685E-2
-1.90343435E-5	2.16743238E-2
-1.82536678E-5	2.16742586E-2
-1.74130710E-5	2.16743071E-2
-1.68856495E-5	2.16742530E-2
-1.62129454E-5	2.16742437E-2
-1.56363421E-5	2.16742903E-2
-1.51388813E-5	2.16744058E-2
-1.46792945E-5	2.16743983E-2
-1.42892395E-5	2.16745771E-2
-1.37211164E-5	2.16746144E-2
-1.33259737E-5	2.16746069E-2
-1.29065238E-5	2.16745827E-2
-1.25916531E-5	2.16746442E-2
-1.23101354E-5	2.16747690E-2
-1.17725376E-5	2.16748938E-2
-1.16340398E-5	2.16749273E-2
-1.11264035E-5	2.16750167E-2
-1.09291150E-5	2.16749702E-2
-1.06035041E-5	2.16748528E-2
-1.02275808E-5	2.16748547E-2
