-4.77534115E-1	1.30122947E-2
-4.77603376E-1	1.30126243E-2
-4.77803349E-1	1.30124381E-2
-4.77897376E-1	1.30123701E-2
-4.77999061E-1	1.30123170E-2
-4.78131413E-1	1.30121699E-2
-4.78108615E-1	1.30124474E-2
-4.78117079E-1	1.30127780E-2
-4.78136957E-1	1.30129689E-2
-4.78091747E-1	1.30136032E-2
-4.77858603E-1	1.30136898E-2
-4.77265716E-1	1.30141387E-2
-4.75990564E-1	1.30144805E-2
-4.74876583E-1	1.30148465E-2
-4.73658681E-1	1.30151063E-2
-4.72449183E-1	1.30155496E-2
-4.71766889E-1	1.30159305E-2
-4.70770597E-1	1.30160376E-2
-4.70053732E-1	1.30162705E-2
-4.68984008E-1	1.30166439E-2
-4.68334079E-1	1.30168041E-2
-4.67643112E-1	1.30171375E-2
-4.66467291E-1	1.30175687E-2
-4.65478271E-1	1.30180260E-2
-4.63888645E-1	1.30183585E-2
-4.63038057E-1	1.30187701E-2
-4.62408304E-1	1.30193066E-2
-4.61457163E-1	1.30193336E-2
-4.60231781E-1	1.30192162E-2
-4.59351242E-1	1.30194416E-2
-4.58517432E-1	1.30195674E-2
-4.57802385E-1	1.30199483E-2
-4.57020164E-1	1.30205732E-2
-4.56501901E-1	1.30210789E-2
-4.55694556E-1	1.30213499E-2
-4.54772711E-1	1.30218640E-2
-4.54559296E-1	1.30224265E-2
-4.54098880E-1	1.30225113E-2
-4.53535587E-1	1.30227990E-2
-4.53085482E-1	1.30227134E-2
-4.52749401E-1	1.30227869E-2
-4.52326030E-1	1.30232703E-2
-4.51754987E-1	1.30236484E-2
-4.51556623E-1	1.30243506E-2
-4.50816453E-1	1.30246822E-2
-4.50315267E-1	1.30245835E-2
-4.49924707E-1	1.30241886E-2
-4.49356049E-1	1.30240982E-2
-4.48807001E-1	1.30239055E-2
-4.48418796E-1	1.30241588E-2
-4.47966903E-1	1.30244261E-2
-4.47405338E-1	1.30246002E-2
-4.47099984E-1	1.30251227E-2
-4.46815133E-1	1.30251264E-2
-4.46073264E-1	1.30250547E-2
-4.45376247E-1	1.30253024E-2
-4.44506168E-1	1.30253918E-2
-4.43319350E-1	1.30253863E-2
-4.42664444E-1	1.30251972E-2
-4.42431271E-1	1.30251180E-2
-4.42334235E-1	1.30249392E-2
-4.42057848E-1	1.30249867E-2
-4.41630781E-1	1.30246328E-2
-4.41360325E-1	1.30242733E-2
-4.41016048E-1	1.30237471E-2
-4.40606236E-1	1.30233550E-2
-4.40223247E-1	1.30227208E-2
-4.39637095E-1	1.30225308E-2
-4.39315468E-1	1.30222915E-2
-4.38948214E-1	1.30223185E-2
-4.38517153E-1	1.30224284E-2
-4.38249201E-1	1.30224926E-2
-4.37791169E-1	1.30225774E-2
-4.37378347E-1	1.30225997E-2
-4.36639816E-1	1.30224833E-2
-4.36093360E-1	1.30225411E-2
-4.35576349E-1	1.30223893E-2
-4.34797406E-1	1.30225420E-2
-4.34459776E-1	1.30224833E-2
-4.34118629E-1	1.30225550E-2
-4.33499455E-1	1.30225420E-2
-4.32947278E-1	1.30223269E-2
-4.32520777E-1	1.30227208E-2
-4.32113945E-1	1.30230077E-2
-4.31505919E-1	1.30235972E-2
-4.31048393E-1	1.30241327E-2
-4.30937439E-1	1.30246216E-2
-4.30302829E-1	1.30248470E-2
-4.29641694E-1	1.30250650E-2
-4.29198831E-1	1.30252009E-2
-4.28691477E-1	1.30250901E-2
-4.28064883E-1	1.30249113E-2
-4.27626371E-1	1.30248088E-2
-4.26806569E-1	1.30244475E-2
-4.26154107E-1	1.30243711E-2
-4.25178438E-1	1.30253974E-2
-4.24557239E-1	1.30259991E-2
-4.23646182E-1	1.30267413E-2
-4.23119932E-1	1.30269825E-2
-4.22627836E-1	1.30267395E-2
-4.21615481E-1	1.30266873E-2
-4.20818448E-1	1.30263176E-2
-4.19883728E-1	1.30264442E-2
-4.18509573E-1	1.30264517E-2
-4.17279601E-1	1.30267553E-2
-4.16732043E-1	1.30271511E-2
-4.16326016E-1	1.30273486E-2
-4.15625781E-1	1.30277639E-2
-4.14681792E-1	1.30278943E-2
-4.14240152E-1	1.30284261E-2
-4.12766665E-1	1.30285928E-2
-4.11199689E-1	1.30288685E-2
-4.10364300E-1	1.30290464E-2
-4.09650177E-1	1.30289849E-2
-4.08683807E-1	1.30288145E-2
-4.08136964E-1	1.30288498E-2
-4.07326847E-1	1.30289802E-2
-4.06682491E-1	1.30291292E-2
-4.05514479E-1	1.30292997E-2
-4.04479682E-1	1.30295912E-2
-4.02839541E-1	1.30297728E-2
-4.01852727E-1	1.30297951E-2
-4.00575936E-1	1.30299423E-2
-3.99681449E-1	1.30299199E-2
-3.98800194E-1	1.30301761E-2
-3.97959441E-1	1.30303763E-2
-3.97004366E-1	1.30303772E-2
-3.95406812E-1	1.30306398E-2
-3.94334316E-1	1.30306054E-2
-3.93304169E-1	1.30304825E-2
-3.91603559E-1	1.30307050E-2
-3.91258061E-1	1.30312610E-2
-3.90580684E-1	1.30315311E-2
-3.89128715E-1	1.30316773E-2
-3.88240755E-1	1.30320452E-2
-3.87276709E-1	1.30317919E-2
-3.86238575E-1	1.30318431E-2
-3.84790450E-1	1.30319744E-2
-3.84000868E-1	1.30319456E-2
-3.83211911E-1	1.30318012E-2
-3.82165462E-1	1.30314343E-2
-3.81447762E-1	1.30311530E-2
-3.80868018E-1	1.30311605E-2
-3.80319864E-1	1.30310487E-2
-3.80189955E-1	1.30313197E-2
-3.80207688E-1	1.30312415E-2
-3.80443633E-1	1.30309099E-2
-3.80916715E-1	1.30306035E-2
-3.80666673E-1	1.30300773E-2
-3.80115688E-1	1.30298212E-2
-3.79498839E-1	1.30298147E-2
-3.77691954E-1	1.30299721E-2
-3.76172006E-1	1.30299106E-2
-3.74314129E-1	1.30297607E-2
-3.73199910E-1	1.30297169E-2
-3.72316301E-1	1.30292717E-2
-3.71213585E-1	1.30293192E-2
-3.70327979E-1	1.30292922E-2
-3.69295210E-1	1.30289393E-2
-3.67594033E-1	1.30289318E-2
-3.66045207E-1	1.30285956E-2
-3.65078151E-1	1.30283507E-2
-3.64219189E-1	1.30284345E-2
-3.63121301E-1	1.30283870E-2
-3.62428427E-1	1.30281439E-2
-3.62352073E-1	1.30281262E-2
-3.61932337E-1	1.30278105E-2
-3.61055315E-1	1.30273039E-2
-3.60650212E-1	1.30263204E-2
-3.58726889E-1	1.30259246E-2
-3.56774539E-1	1.30254924E-2
-3.55793715E-1	1.30254533E-2
-3.54766548E-1	1.30256042E-2
-3.53544176E-1	1.30256098E-2
-3.52434307E-1	1.30251599E-2
-3.51597726E-1	1.30245099E-2
-3.50336969E-1	1.30243152E-2
-3.49457860E-1	1.30238719E-2
-3.48558873E-1	1.30237192E-2
-3.46922249E-1	1.30236931E-2
-3.45649481E-1	1.30236968E-2
-3.45276833E-1	1.30237127E-2
-3.43971729E-1	1.30236419E-2
-3.42988610E-1	1.30236689E-2
-3.42226267E-1	1.30234687E-2
-3.41492236E-1	1.30233644E-2
-3.40379924E-1	1.30231418E-2
-3.39054137E-1	1.30226137E-2
-3.38126004E-1	1.30222104E-2
-3.37107211E-1	1.30219394E-2
-3.35728347E-1	1.30223082E-2
-3.34694803E-1	1.30222533E-2
-3.33128393E-1	1.30222160E-2
-3.31741303E-1	1.30217606E-2
-3.31291676E-1	1.30211106E-2
-3.30315888E-1	1.30205825E-2
-3.29431444E-1	1.30198915E-2
-3.28806520E-1	1.30191045E-2
-3.27687472E-1	1.30190589E-2
-3.26515943E-1	1.30189247E-2
-3.24844182E-1	1.30192265E-2
-3.23597193E-1	1.30194379E-2
-3.21755320E-1	1.30197797E-2
-3.20273489E-1	1.30199846E-2
-3.19715947E-1	1.30201746E-2
-3.18024725E-1	1.30204139E-2
-3.16457123E-1	1.30203292E-2
-3.15635324E-1	1.30202426E-2
-3.14505666E-1	1.30201597E-2
-3.13806593E-1	1.30192488E-2
-3.13159108E-1	1.30182039E-2
-3.12149018E-1	1.30179292E-2
-3.11227173E-1	1.30168973E-2
-3.10526520E-1	1.30166300E-2
-3.09530288E-1	1.30165173E-2
-3.07668179E-1	1.30161988E-2
-3.05695832E-1	1.30160963E-2
-3.04648548E-1	1.30156288E-2
-3.03794891E-1	1.30154770E-2
-3.03132027E-1	1.30156623E-2
-3.02872777E-1	1.30156986E-2
-3.02086025E-1	1.30159352E-2
-3.01101923E-1	1.30163608E-2
-3.00142467E-1	1.30165778E-2
-2.98739195E-1	1.30165471E-2
-2.97014505E-1	1.30169569E-2
-2.95724541E-1	1.30177690E-2
-2.94590294E-1	1.30181499E-2
-2.93271959E-1	1.30191837E-2
-2.92358339E-1	1.30194630E-2
-2.90648341E-1	1.30194044E-2
-2.89559841E-1	1.30189219E-2
-2.87713975E-1	1.30186062E-2
-2.86443591E-1	1.30184600E-2
-2.84932882E-1	1.30186314E-2
-2.83340305E-1	1.30191147E-2
-2.82864600E-1	1.30192377E-2
-2.80910671E-1	1.30193364E-2
-2.79101402E-1	1.30192162E-2
-2.78020531E-1	1.30194407E-2
-2.76265740E-1	1.30196409E-2
-2.74690717E-1	1.30198784E-2
-2.74131149E-1	1.30207483E-2
-2.72183180E-1	1.30209308E-2
-2.70144731E-1	1.30214849E-2
-2.69075304E-1	1.30216889E-2
-2.68067300E-1	1.30217904E-2
-2.66486555E-1	1.30220968E-2
-2.65265226E-1	1.30225951E-2
-2.64572322E-1	1.30228391E-2
-2.64763743E-1	1.30228428E-2
-2.65508085E-1	1.30224638E-2
-2.66320586E-1	1.30218854E-2
-2.67527223E-1	1.30217001E-2
-2.67870337E-1	1.30217280E-2
-2.67888844E-1	1.30220186E-2
-2.67726183E-1	1.30223250E-2
-2.66876608E-1	1.30228577E-2
-2.65628636E-1	1.30230775E-2
-2.62638032E-1	1.30232209E-2
-2.60456979E-1	1.30230393E-2
-2.57248044E-1	1.30226798E-2
-2.55151600E-1	1.30229490E-2
-2.52398163E-1	1.30232079E-2
-2.49927834E-1	1.30234864E-2
-2.49232009E-1	1.30240973E-2
-2.46931002E-1	1.30246403E-2
-2.44757921E-1	1.30248182E-2
-2.43316948E-1	1.30257234E-2
-2.40594551E-1	1.30260373E-2
-2.38933474E-1	1.30260652E-2
-2.37370893E-1	1.30261965E-2
-2.34341741E-1	1.30262962E-2
-2.31606230E-1	1.30267348E-2
-2.29901910E-1	1.30271809E-2
-2.28117868E-1	1.30275926E-2
-2.25907996E-1	1.30278040E-2
-2.24024355E-1	1.30279018E-2
-2.22407222E-1	1.30280042E-2
-2.19931722E-1	1.30281961E-2
-2.18534693E-1	1.30285434E-2
-2.17268646E-1	1.30287725E-2
-2.16177434E-1	1.30287353E-2
-2.15804100E-1	1.30289476E-2
-2.15229854E-1	1.30290464E-2
-2.14001864E-1	1.30293872E-2
-2.11831450E-1	1.30301658E-2
-2.10141733E-1	1.30303670E-2
-2.08383337E-1	1.30306920E-2
-2.06121892E-1	1.30308839E-2
-2.04291239E-1	1.30310366E-2
-2.03506634E-1	1.30311269E-2
-2.02961236E-1	1.30311949E-2
-2.02993780E-1	1.30312601E-2
-2.03310370E-1	1.30313486E-2
-2.04074949E-1	1.30313765E-2
-2.04608947E-1	1.30315330E-2
-2.04577848E-1	1.30316466E-2
-2.03782558E-1	1.30317695E-2
-2.01036677E-1	1.30323768E-2
-1.98552877E-1	1.30329048E-2
-1.94284692E-1	1.30336983E-2
-1.91789567E-1	1.30340774E-2
-1.89623937E-1	1.30343763E-2
-1.88780949E-1	1.30346380E-2
-1.87276810E-1	1.30348261E-2
-1.85152039E-1	1.30354865E-2
-1.84370503E-1	1.30359968E-2
-1.81611121E-1	1.30363163E-2
-1.79210424E-1	1.30370054E-2
-1.78188816E-1	1.30372746E-2
-1.77300587E-1	1.30380467E-2
-1.76352933E-1	1.30385701E-2
-1.75714612E-1	1.30389873E-2
-1.74828157E-1	1.30396299E-2
-1.72848925E-1	1.30400574E-2
-1.70244992E-1	1.30407410E-2
-1.68638110E-1	1.30414059E-2
-1.66340113E-1	1.30415708E-2
-1.65058434E-1	1.30420355E-2
-1.63908288E-1	1.30431391E-2
-1.62040770E-1	1.30437706E-2
-1.60902277E-1	1.30440872E-2
-1.60404384E-1	1.30443973E-2
-1.60214886E-1	1.30444141E-2
-1.60318226E-1	1.30446013E-2
-1.60344779E-1	1.30450213E-2
-1.60004854E-1	1.30452076E-2
-1.59188658E-1	1.30453352E-2
-1.58621818E-1	1.30452188E-2
-1.57666281E-1	1.30454376E-2
-1.55564904E-1	1.30455000E-2
-1.53724864E-1	1.30457319E-2
-1.51927575E-1	1.30460924E-2
-1.49377063E-1	1.30462442E-2
-1.47978470E-1	1.30464900E-2
-1.46378428E-1	1.30468812E-2
-1.43897384E-1	1.30473338E-2
-1.41549528E-1	1.30478153E-2
-1.39884070E-1	1.30485585E-2
-1.37691528E-1	1.30489673E-2
-1.36020988E-1	1.30491639E-2
-1.35205135E-1	1.30495718E-2
-1.33819744E-1	1.30497972E-2
-1.32776201E-1	1.30499825E-2
-1.31821677E-1	1.30504668E-2
-1.30354762E-1	1.30507899E-2
-1.28930107E-1	1.30507974E-2
-1.28108501E-1	1.30510069E-2
-1.26938954E-1	1.30511401E-2
-1.26158342E-1	1.30513879E-2
-1.25217095E-1	1.30518060E-2
-1.24682568E-1	1.30525129E-2
-1.24157324E-1	1.30528789E-2
-1.23832196E-1	1.30531639E-2
-1.23762824E-1	1.30534731E-2
-1.22311845E-1	1.30536854E-2
-1.19842716E-1	1.30536985E-2
-1.17901869E-1	1.30542628E-2
-1.15666054E-1	1.30549707E-2
-1.13385662E-1	1.30555183E-2
-1.12436160E-1	1.30564040E-2
-1.10852323E-1	1.30570447E-2
-1.09619156E-1	1.30577153E-2
-1.07482754E-1	1.30583560E-2
-1.06118165E-1	1.30590843E-2
-1.04431756E-1	1.30597046E-2
-1.03629731E-1	1.30600026E-2
-1.03130437E-1	1.30605241E-2
-9.83375236E-2	1.30608957E-2
-9.78690386E-2	1.30611835E-2
-9.75515321E-2	1.30615393E-2
-9.70884040E-2	1.30617544E-2
-9.58624706E-2	1.30618419E-2
-9.42372978E-2	1.30618336E-2
-9.35040042E-2	1.30622713E-2
-9.11138952E-2	1.30626140E-2
-8.91689733E-2	1.30629139E-2
-8.80570635E-2	1.30632119E-2
-8.66369307E-2	1.30636794E-2
-8.52422565E-2	1.30644171E-2
-8.46771672E-2	1.30649647E-2
-8.32646564E-2	1.30655523E-2
-8.24080780E-2	1.30658392E-2
-8.20389986E-2	1.30661279E-2
-8.18896592E-2	1.30662275E-2
-8.03655609E-2	1.30670974E-2
-7.82607794E-2	1.30682010E-2
-7.59108588E-2	1.30698252E-2
-7.19562918E-2	1.30709782E-2
-6.88846186E-2	1.30720446E-2
-6.77786618E-2	1.30724637E-2
-6.65022433E-2	1.30727049E-2
-6.48543537E-2	1.30735431E-2
-6.39749244E-2	1.30743878E-2
-6.30407929E-2	1.30748684E-2
-6.13313094E-2	1.30761014E-2
-5.90224564E-2	1.30773354E-2
-5.81452362E-2	1.30793396E-2
-5.50780855E-2	1.30809108E-2
-5.24613112E-2	1.30824354E-2
-5.09630665E-2	1.30832596E-2
-4.92751263E-2	1.30841332E-2
-4.70211208E-2	1.30851064E-2
-4.52243127E-2	1.30873471E-2
-4.23295274E-2	1.30886892E-2
-4.06274833E-2	1.30911451E-2
-3.83730084E-2	1.30930757E-2
-3.73796709E-2	1.30939502E-2
-3.66596095E-2	1.30947456E-2
-3.64266299E-2	1.30954459E-2
-3.63213085E-2	1.30968681E-2
-3.32146399E-2	1.30980397E-2
-2.83920486E-2	1.30991191E-2
-2.66445819E-2	1.31008513E-2
-2.11153720E-2	1.31010516E-2
-1.87687147E-2	1.31007992E-2
-1.67424660E-2	1.31000821E-2
-1.55846262E-2	1.30993854E-2
-1.40643921E-2	1.30986515E-2
-1.30150523E-2	1.30982436E-2
-1.18031008E-2	1.30981421E-2
-9.20811202E-3	1.30988080E-2
-5.82966488E-3	1.31006101E-2
-3.79791600E-3	1.31019698E-2
-1.32806483E-3	1.31031657E-2
-4.31508175E-4	1.31044947E-2
-1.38171352E-4	1.31050088E-2
-3.77112156E-5	1.31052928E-2
-2.57037318E-5	1.31055964E-2
-2.21191822E-5	1.31058255E-2
-1.96330038E-5	1.31056746E-2
-1.69857158E-5	1.31057696E-2
-1.45498479E-5	1.31055089E-2
-1.39076701E-5	1.31052490E-2
-1.22179963E-5	1.31048309E-2
-1.09370321E-5	1.31045720E-2
-1.05842864E-5	1.31044444E-2
-9.83752852E-6	1.31043596E-2
-9.47291210E-6	1.31043987E-2
-8.97601512E-6	1.31046176E-2
-8.41128349E-6	1.31046306E-2
-7.87594672E-6	1.31045831E-2
-7.39827055E-6	1.31044546E-2
-7.00030114E-6	1.31044025E-2
-6.45592036E-6	1.31040877E-2
-6.01611964E-6	1.31038260E-2
-5.98050610E-6	1.31036723E-2
-5.60062745E-6	1.31034013E-2
-5.39203302E-6	1.31028714E-2
-5.17213311E-6	1.31024653E-2
-4.87196121E-6	1.31023191E-2
-4.41746351E-6	1.31020620E-2
-4.34397498E-6	1.31018180E-2
-4.03136664E-6	1.31016551E-2
-3.61304774E-6	1.31014707E-2
-3.53560222E-6	1.31010888E-2
-3.17324771E-6	1.31008783E-2
-2.77132244E-6	1.31006446E-2
-2.55877126E-6	1.31006176E-2
-2.38579082E-6	1.31005086E-2
-2.27555802E-6	1.31002991E-2
-2.17945785E-6	1.31004713E-2
-2.10653479E-6	1.31004602E-2
-1.97029840E-6	1.31005077E-2
-1.84028045E-6	1.31005431E-2
-1.79505685E-6	1.31005514E-2
-1.57798331E-6	1.31006381E-2
-1.33151434E-6	1.31005095E-2
-1.20884522E-6	1.31004043E-2
-1.17888453E-6	1.31002851E-2
-9.92902301E-7	1.31000979E-2
-9.60680381E-7	1.31002702E-2
-9.05281411E-7	1.31003410E-2
-8.12572921E-7	1.31007843E-2
-5.58189868E-7	1.31009500E-2
-4.60393721E-7	1.31011084E-2
-3.56379331E-7	1.31011242E-2
-2.97023263E-7	1.31009202E-2
-1.73788777E-7	1.31010646E-2
-1.80006921E-7	1.31010143E-2
-1.03691896E-7	1.31009715E-2
6.25051086E-8	1.31008979E-2
1.28644743E-7	1.31008811E-2
2.77882805E-7	1.31008150E-2
2.19092058E-7	1.31006418E-2
2.66011597E-7	1.31007992E-2
3.12931149E-7	1.31010422E-2
3.20279980E-7	1.31013747E-2
3.52501843E-7	1.31015154E-2
4.32773845E-7	1.31015871E-2
2.96537564E-7	1.31013272E-2
4.01682570E-7	1.31013365E-2
7.10334007E-7	1.31010879E-2
6.81503934E-7	1.31007722E-2
7.94563107E-7	1.31003913E-2
6.97332212E-7	1.31001174E-2
5.47528884E-7	1.30998660E-2
5.96144275E-7	1.30999936E-2
6.30062061E-7	1.31001370E-2
9.74892373E-7	1.31004779E-2
1.09530038E-6	1.31012462E-2
1.20044535E-6	1.31015209E-2
1.30219860E-6	1.31018860E-2
1.24623432E-6	1.31018236E-2
1.25980148E-6	1.31016625E-2
1.24566907E-6	1.31013133E-2
1.27506439E-6	1.31010711E-2
1.29654563E-6	1.31010488E-2
1.34176935E-6	1.31012360E-2
1.38812356E-6	1.31018050E-2
1.39773363E-6	1.31021077E-2
1.36777294E-6	1.31026106E-2
1.37286054E-6	1.31027903E-2
1.35194466E-6	1.31023386E-2
1.42373585E-6	1.31021272E-2
1.66568111E-6	1.31017957E-2
1.60293234E-6	1.31017175E-2
1.62328217E-6	1.31016951E-2
1.65211225E-6	1.31018311E-2
1.66624454E-6	1.31017333E-2
1.83922498E-6	1.31011894E-2
1.80813379E-6	1.31010357E-2
1.95341477E-6	1.31008197E-2
2.01898888E-6	1.31008076E-2
1.82735380E-6	1.31007554E-2
1.85392264E-6	1.31005999E-2
1.63911045E-6	1.31002115E-2
1.48591539E-6	1.31000420E-2
1.46952175E-6	1.30994609E-2
1.37511745E-6	1.30994124E-2
1.31350032E-6	1.30994106E-2
1.08172912E-6	1.30995270E-2
9.09314053E-7	1.31002842E-2
8.87267561E-7	1.31007014E-2
1.07324968E-6	1.31015778E-2
1.24566486E-6	1.30989393E-2
