-4.86931056E-1	4.97977762E-3
-4.86885339E-1	4.97974595E-3
-4.86879796E-1	4.97972872E-3
-4.86860216E-1	4.97968774E-3
-4.86834288E-1	4.97969799E-3
-4.86846745E-1	4.97982558E-3
-4.86845195E-1	4.97979997E-3
-4.86830503E-1	4.97981440E-3
-4.86820281E-1	4.97978786E-3
-4.86777216E-1	4.97975107E-3
-4.86760467E-1	4.97987261E-3
-4.86765563E-1	4.97985957E-3
-4.86752480E-1	4.97978693E-3
-4.86730099E-1	4.97970544E-3
-4.86729413E-1	4.97971661E-3
-4.86704737E-1	4.97975852E-3
-4.86669481E-1	4.97985864E-3
-4.86653388E-1	4.98003233E-3
-4.86639172E-1	4.97989589E-3
-4.86621678E-1	4.97989170E-3
-4.86593455E-1	4.97986097E-3
-4.86583620E-1	4.97975061E-3
-4.86596823E-1	4.97980602E-3
-4.86621320E-1	4.97984746E-3
-4.86639261E-1	4.97981720E-3
-4.86578673E-1	4.97971382E-3
-4.86434400E-1	4.97983443E-3
-4.86043990E-1	4.97982651E-3
-4.85730410E-1	4.97988239E-3
-4.85437006E-1	4.98007936E-3
-4.84885216E-1	4.98022931E-3
-4.84526515E-1	4.98033920E-3
-4.84079480E-1	4.98050498E-3
-4.83237922E-1	4.98045422E-3
-4.82738644E-1	4.98031499E-3
-4.82270747E-1	4.98041511E-3
-4.81744975E-1	4.98050684E-3
-4.81478691E-1	4.98070894E-3
-4.81282860E-1	4.98072430E-3
-4.81008440E-1	4.98100836E-3
-4.80621636E-1	4.98113595E-3
-4.80391324E-1	4.98125888E-3
-4.80128288E-1	4.98140836E-3
-4.79728192E-1	4.98154154E-3
-4.79480743E-1	4.98150568E-3
-4.79257643E-1	4.98160440E-3
-4.78790969E-1	4.98159230E-3
-4.78581786E-1	4.98146471E-3
-4.78297859E-1	4.98147449E-3
-4.77978051E-1	4.98151546E-3
-4.77548182E-1	4.98158066E-3
-4.77261335E-1	4.98167239E-3
-4.76950049E-1	4.98180604E-3
-4.76632595E-1	4.98180790E-3
-4.76345301E-1	4.98196529E-3
-4.76012707E-1	4.98193968E-3
-4.75654155E-1	4.98197088E-3
-4.74957138E-1	4.98215808E-3
-4.74221408E-1	4.98235133E-3
-4.73942310E-1	4.98244260E-3
-4.73108381E-1	4.98271640E-3
-4.72667903E-1	4.98273410E-3
-4.72160339E-1	4.98273084E-3
-4.71653789E-1	4.98287939E-3
-4.71079648E-1	4.98280255E-3
-4.70450878E-1	4.98294923E-3
-4.70210284E-1	4.98301256E-3
-4.69408154E-1	4.98332223E-3
-4.68925476E-1	4.98346984E-3
-4.68531132E-1	4.98357648E-3
-4.67767566E-1	4.98361420E-3
-4.67384815E-1	4.98374645E-3
-4.66724575E-1	4.98377625E-3
-4.66457486E-1	4.98426566E-3
-4.65305567E-1	4.98448685E-3
-4.64260131E-1	4.98443656E-3
-4.63930666E-1	4.98439046E-3
-4.62853462E-1	4.98446124E-3
-4.62215036E-1	4.98462655E-3
-4.61186826E-1	4.98482864E-3
-4.60415900E-1	4.98526217E-3
-4.59646761E-1	4.98541910E-3
-4.58658427E-1	4.98545635E-3
-4.58386809E-1	4.98560769E-3
-4.57338661E-1	4.98592341E-3
-4.56012666E-1	4.98617766E-3
-4.55150634E-1	4.98641189E-3
-4.54241782E-1	4.98667872E-3
-4.53263581E-1	4.98665497E-3
-4.52743918E-1	4.98662889E-3
-4.52004820E-1	4.98683797E-3
-4.50607657E-1	4.98690736E-3
-4.49659556E-1	4.98723891E-3
-4.48723763E-1	4.98758396E-3
-4.47293907E-1	4.98781400E-3
-4.46276784E-1	4.98816138E-3
-4.45215404E-1	4.98854415E-3
-4.44167227E-1	4.98861820E-3
-4.42671657E-1	4.98890178E-3
-4.42035794E-1	4.98899352E-3
-4.41470057E-1	4.98902239E-3
-4.40809488E-1	4.98910900E-3
-4.39751357E-1	4.98927617E-3
-4.38631773E-1	4.98942565E-3
-4.38231647E-1	4.98955930E-3
-4.37007129E-1	4.98985592E-3
-4.36277568E-1	4.99008643E-3
-4.35589015E-1	4.99027967E-3
-4.34751242E-1	4.99029923E-3
-4.34456944E-1	4.99047060E-3
-4.33952302E-1	4.99051902E-3
-4.33779210E-1	4.99055116E-3
-4.33271259E-1	4.99066338E-3
-4.32607651E-1	4.99068713E-3
-4.32401747E-1	4.99079190E-3
-4.31787550E-1	4.99093393E-3
-4.31353152E-1	4.99106199E-3
-4.30626065E-1	4.99119796E-3
-4.29864019E-1	4.99143405E-3
-4.28980589E-1	4.99175023E-3
-4.27645326E-1	4.99188248E-3
-4.26660001E-1	4.99215303E-3
-4.25556749E-1	4.99216281E-3
-4.24336255E-1	4.99234162E-3
-4.23512697E-1	4.99253767E-3
-4.22622979E-1	4.99261869E-3
-4.21458989E-1	4.99292091E-3
-4.20681119E-1	4.99325758E-3
-4.19881880E-1	4.99347830E-3
-4.19074982E-1	4.99363756E-3
-4.18085635E-1	4.99379076E-3
-4.17515278E-1	4.99387877E-3
-4.16856647E-1	4.99415584E-3
-4.16040093E-1	4.99416003E-3
-4.15547788E-1	4.99447947E-3
-4.15002793E-1	4.99460893E-3
-4.14113283E-1	4.99477703E-3
-4.13530827E-1	4.99504944E-3
-4.12851781E-1	4.99512255E-3
-4.11783963E-1	4.99522127E-3
-4.11223710E-1	4.99508204E-3
-4.10452783E-1	4.99523245E-3
-4.10225481E-1	4.99529811E-3
-4.09627587E-1	4.99542709E-3
-4.09256011E-1	4.99564875E-3
-4.08885598E-1	4.99580195E-3
-4.08193052E-1	4.99579404E-3
-4.07712728E-1	4.99595422E-3
-4.07039076E-1	4.99605946E-3
-4.06834424E-1	4.99612372E-3
-4.06258881E-1	4.99635516E-3
-4.05913144E-1	4.99629555E-3
-4.05577332E-1	4.99624386E-3
-4.05104011E-1	4.99628717E-3
-4.04739171E-1	4.99627274E-3
-4.04196322E-1	4.99647949E-3
-4.03997809E-1	4.99671279E-3
-4.03224766E-1	4.99687437E-3
-4.02435064E-1	4.99707647E-3
-4.02212441E-1	4.99709696E-3
-4.01654452E-1	4.99733910E-3
-4.01108533E-1	4.99738567E-3
-4.00768012E-1	4.99739591E-3
-4.00438219E-1	4.99738380E-3
-4.00149435E-1	4.99743316E-3
-3.99577826E-1	4.99755284E-3
-3.99169207E-1	4.99777682E-3
-3.98588091E-1	4.99795564E-3
-3.97382736E-1	4.99822991E-3
-3.96599293E-1	4.99825506E-3
-3.95817995E-1	4.99854283E-3
-3.94643784E-1	4.99862153E-3
-3.94023478E-1	4.99883015E-3
-3.93432379E-1	4.99892468E-3
-3.92876655E-1	4.99900850E-3
-3.92222524E-1	4.99902945E-3
-3.91832829E-1	4.99907974E-3
-3.91351074E-1	4.99913190E-3
-3.90622407E-1	4.99935262E-3
-3.90089542E-1	4.99951746E-3
-3.89519632E-1	4.99968231E-3
-3.88516426E-1	4.99997195E-3
-3.88018250E-1	5.00005204E-3
-3.87593210E-1	5.00018150E-3
-3.87194753E-1	5.00035705E-3
-3.86685461E-1	5.00028394E-3
-3.86352569E-1	5.00022247E-3
-3.86187822E-1	5.00031421E-3
-3.85210872E-1	5.00049954E-3
-3.84538263E-1	5.00082644E-3
-3.83855343E-1	5.00111654E-3
-3.82861912E-1	5.00119152E-3
-3.82524401E-1	5.00114355E-3
-3.82264704E-1	5.00121154E-3
-3.82060766E-1	5.00119384E-3
-3.81752014E-1	5.00115892E-3
-3.81181598E-1	5.00124507E-3
-3.80790263E-1	5.00137685E-3
-3.80243570E-1	5.00147324E-3
-3.79302770E-1	5.00183739E-3
-3.78720194E-1	5.00205159E-3
-3.78140271E-1	5.00218896E-3
-3.77175599E-1	5.00228768E-3
-3.76278996E-1	5.00249956E-3
-3.75946850E-1	5.00254147E-3
-3.74726295E-1	5.00285998E-3
-3.73901367E-1	5.00323111E-3
-3.73023778E-1	5.00321668E-3
-3.71469676E-1	5.00341179E-3
-3.70323569E-1	5.00361575E-3
-3.68536413E-1	5.00389887E-3
-3.67466897E-1	5.00419270E-3
-3.66454035E-1	5.00453450E-3
-3.65282357E-1	5.00466069E-3
-3.64885360E-1	5.00486465E-3
-3.63481730E-1	5.00505604E-3
-3.62551421E-1	5.00542158E-3
-3.60919356E-1	5.00569120E-3
-3.59786361E-1	5.00599109E-3
-3.58964235E-1	5.00622811E-3
-3.57965857E-1	5.00652008E-3
-3.57155859E-1	5.00668213E-3
-3.56229216E-1	5.00679063E-3
-3.54909539E-1	5.00696059E-3
-3.54029834E-1	5.00700250E-3
-3.53343725E-1	5.00706164E-3
-3.53164256E-1	5.00718271E-3
-3.53157461E-1	5.00718364E-3
-3.53146732E-1	5.00727026E-3
-3.52780849E-1	5.00721764E-3
-3.52026969E-1	5.00730379E-3
-3.51178169E-1	5.00747561E-3
-3.49811226E-1	5.00772940E-3
-3.47007900E-1	5.00838039E-3
-3.45250934E-1	5.00894757E-3
-3.43531638E-1	5.00940904E-3
-3.41249853E-1	5.01008099E-3
-3.40119869E-1	5.01012895E-3
-3.39151889E-1	5.01009356E-3
-3.37841183E-1	5.01040556E-3
-3.36507171E-1	5.01061510E-3
-3.34653646E-1	5.01097133E-3
-3.34015965E-1	5.01166331E-3
-3.31964165E-1	5.01187798E-3
-3.30263704E-1	5.01212757E-3
-3.29765737E-1	5.01226448E-3
-3.28060508E-1	5.01241116E-3
-3.26322168E-1	5.01274550E-3
-3.25503767E-1	5.01282467E-3
-3.24833959E-1	5.01311338E-3
-3.24225485E-1	5.01332525E-3
-3.23544055E-1	5.01348684E-3
-3.22705567E-1	5.01383096E-3
-3.21619600E-1	5.01413317E-3
-3.19645852E-1	5.01447590E-3
-3.18277866E-1	5.01469569E-3
-3.17207932E-1	5.01483306E-3
-3.16472292E-1	5.01503935E-3
-3.15690190E-1	5.01514738E-3
-3.15259159E-1	5.01529034E-3
-3.14637274E-1	5.01547195E-3
-3.14012915E-1	5.01559908E-3
-3.13303590E-1	5.01563028E-3
-3.12657773E-1	5.01577090E-3
-3.11848640E-1	5.01581794E-3
-3.10986429E-1	5.01584075E-3
-3.10761005E-1	5.01597300E-3
-3.10041070E-1	5.01608942E-3
-3.09429824E-1	5.01631526E-3
-3.09168726E-1	5.01650246E-3
-3.08279157E-1	5.01672318E-3
-3.07643235E-1	5.01690293E-3
-3.06664169E-1	5.01702912E-3
-3.06144536E-1	5.01686102E-3
-3.05688411E-1	5.01700537E-3
-3.05166870E-1	5.01716137E-3
-3.05016309E-1	5.01701236E-3
-3.04211408E-1	5.01730386E-3
-3.03127348E-1	5.01735741E-3
-3.02513599E-1	5.01754973E-3
-3.01771939E-1	5.01780212E-3
-3.00749362E-1	5.01815788E-3
-2.99705356E-1	5.01835626E-3
-2.98699439E-1	5.01869060E-3
-2.97202975E-1	5.01898210E-3
-2.96245962E-1	5.01924613E-3
-2.95488536E-1	5.01929270E-3
-2.95003295E-1	5.01953391E-3
-2.94054687E-1	5.01979142E-3
-2.93000162E-1	5.01997676E-3
-2.92758226E-1	5.01994882E-3
-2.91970283E-1	5.02013136E-3
-2.91063726E-1	5.02025383E-3
-2.90773958E-1	5.02033578E-3
-2.89795607E-1	5.02053788E-3
-2.88679391E-1	5.02072368E-3
-2.87869990E-1	5.02087921E-3
-2.87020445E-1	5.02108876E-3
-2.85713911E-1	5.02141565E-3
-2.84877419E-1	5.02158608E-3
-2.84171104E-1	5.02176397E-3
-2.83534199E-1	5.02171461E-3
-2.82679230E-1	5.02190180E-3
-2.82120883E-1	5.02196373E-3
-2.81453073E-1	5.02206897E-3
-2.80369610E-1	5.02231764E-3
-2.79697150E-1	5.02241030E-3
-2.79065192E-1	5.02268411E-3
-2.78048754E-1	5.02304407E-3
-2.77455926E-1	5.02318656E-3
-2.76828170E-1	5.02341799E-3
-2.76172340E-1	5.02352882E-3
-2.75117546E-1	5.02371835E-3
-2.74071902E-1	5.02396887E-3
-2.73724526E-1	5.02411043E-3
-2.72641718E-1	5.02423011E-3
-2.72148043E-1	5.02420356E-3
-2.71749735E-1	5.02422499E-3
-2.71291405E-1	5.02434047E-3
-2.71135032E-1	5.02441498E-3
-2.71020442E-1	5.02455235E-3
-2.71334589E-1	5.02443127E-3
-2.73232579E-1	5.02374209E-3
-2.76207119E-1	5.02332626E-3
-2.78074205E-1	5.02304640E-3
-2.79169768E-1	5.02281077E-3
-2.77937621E-1	5.02328016E-3
-2.76637167E-1	5.02359215E-3
-2.75183022E-1	5.02389437E-3
-2.73822337E-1	5.02412813E-3
-2.73468435E-1	5.02416631E-3
-2.73031831E-1	5.02419146E-3
-2.72257894E-1	5.02418214E-3
-2.71824777E-1	5.02425339E-3
-2.71281064E-1	5.02425805E-3
-2.70464122E-1	5.02444338E-3
-2.70120412E-1	5.02466224E-3
-2.69471318E-1	5.02471440E-3
-2.69049227E-1	5.02486527E-3
-2.68664628E-1	5.02487877E-3
-2.67590344E-1	5.02495654E-3
-2.66801745E-1	5.02528483E-3
-2.66077131E-1	5.02545340E-3
-2.64904022E-1	5.02565084E-3
-2.64137149E-1	5.02587343E-3
-2.63429731E-1	5.02592046E-3
-2.62394160E-1	5.02607040E-3
-2.61641741E-1	5.02626877E-3
-2.60977149E-1	5.02648950E-3
-2.60201097E-1	5.02690533E-3
-2.59009987E-1	5.02696075E-3
-2.58174986E-1	5.02735609E-3
-2.57372290E-1	5.02762618E-3
-2.56366611E-1	5.02782594E-3
-2.55587012E-1	5.02788182E-3
-2.55360514E-1	5.02807414E-3
-2.54632086E-1	5.02807880E-3
-2.53997654E-1	5.02800848E-3
-2.53751755E-1	5.02817053E-3
-2.53047079E-1	5.02831303E-3
-2.52405465E-1	5.02838893E-3
-2.51916051E-1	5.02849137E-3
-2.51345277E-1	5.02867065E-3
-2.50425667E-1	5.02879312E-3
-2.49722689E-1	5.02896309E-3
-2.48962760E-1	5.02924901E-3
-2.47586951E-1	5.02940593E-3
-2.46580794E-1	5.02948789E-3
-2.45468453E-1	5.02980687E-3
-2.43920282E-1	5.03007276E-3
-2.43010893E-1	5.03044482E-3
-2.41794065E-1	5.03051514E-3
-2.41123676E-1	5.03066322E-3
-2.40101516E-1	5.03079873E-3
-2.39599437E-1	5.03084948E-3
-2.38971278E-1	5.03120245E-3
-2.37948924E-1	5.03134029E-3
-2.37474978E-1	5.03154239E-3
-2.36926273E-1	5.03160432E-3
-2.36276194E-1	5.03179384E-3
-2.35462055E-1	5.03191724E-3
-2.34435186E-1	5.03198756E-3
-2.34031036E-1	5.03235823E-3
-2.32738033E-1	5.03252307E-3
-2.31908798E-1	5.03272237E-3
-2.30959162E-1	5.03317220E-3
-2.29325518E-1	5.03321923E-3
-2.28367940E-1	5.03355637E-3
-2.26845518E-1	5.03371423E-3
-2.25935444E-1	5.03396848E-3
-2.25079536E-1	5.03424043E-3
-2.23676100E-1	5.03446441E-3
-2.23278806E-1	5.03472891E-3
-2.22387925E-1	5.03476430E-3
-2.21943289E-1	5.03471401E-3
-2.21694455E-1	5.03479037E-3
-2.21587703E-1	5.03479689E-3
-2.21391380E-1	5.03493613E-3
-2.20896631E-1	5.03505161E-3
-2.20535100E-1	5.03518665E-3
-2.20097154E-1	5.03520668E-3
-2.19100386E-1	5.03523881E-3
-2.18478814E-1	5.03552938E-3
-2.17928410E-1	5.03552798E-3
-2.17037678E-1	5.03572915E-3
-2.16538295E-1	5.03586791E-3
-2.16079593E-1	5.03603369E-3
-2.15153694E-1	5.03640249E-3
-2.13706762E-1	5.03661763E-3
-2.12911412E-1	5.03675221E-3
-2.12159082E-1	5.03688445E-3
-2.11464077E-1	5.03684860E-3
-2.11014614E-1	5.03693754E-3
-2.10333973E-1	5.03720809E-3
-2.08587468E-1	5.03770635E-3
-2.07347155E-1	5.03776316E-3
-2.06185088E-1	5.03829680E-3
-2.04700172E-1	5.03870612E-3
-2.04039410E-1	5.03872521E-3
-2.03203633E-1	5.03892219E-3
-2.02492699E-1	5.03900461E-3
-2.01684415E-1	5.03912056E-3
-2.00450167E-1	5.03924536E-3
-1.99623764E-1	5.03948610E-3
-1.98646843E-1	5.03986655E-3
-1.97204158E-1	5.04008029E-3
-1.96333125E-1	5.04032243E-3
-1.95470333E-1	5.04043372E-3
-1.94439352E-1	5.04064886E-3
-1.93645820E-1	5.04084956E-3
-1.93344399E-1	5.04100183E-3
-1.91981167E-1	5.04143862E-3
-1.90340176E-1	5.04148379E-3
-1.89783245E-1	5.04176645E-3
-1.88343555E-1	5.04208589E-3
-1.87611803E-1	5.04214549E-3
-1.86747968E-1	5.04229683E-3
-1.86059013E-1	5.04248077E-3
-1.84811652E-1	5.04260091E-3
-1.83969855E-1	5.04281931E-3
-1.82893366E-1	5.04342467E-3
-1.81415409E-1	5.04362676E-3
-1.79676890E-1	5.04387915E-3
-1.78607926E-1	5.04420791E-3
-1.77637145E-1	5.04435832E-3
-1.76629692E-1	5.04459534E-3
-1.75634474E-1	5.04487567E-3
-1.75248697E-1	5.04509732E-3
-1.73636034E-1	5.04567008E-3
-1.68762729E-1	5.04621537E-3
-1.66983753E-1	5.04687103E-3
-1.61666721E-1	5.04782191E-3
-1.57110274E-1	5.04839048E-3
-1.56314671E-1	5.04875602E-3
-1.56290546E-1	5.04892040E-3
-1.56369716E-1	5.04894089E-3
-1.56442568E-1	5.04895160E-3
-1.56444058E-1	5.04863961E-3
-1.55861750E-1	5.04886545E-3
-1.55226514E-1	5.04898140E-3
-1.54349953E-1	5.04933158E-3
-1.53458029E-1	5.04976045E-3
-1.52132526E-1	5.04980842E-3
-1.50738463E-1	5.05005009E-3
-1.50353476E-1	5.05026290E-3
-1.49054185E-1	5.05035557E-3
-1.48130447E-1	5.05057303E-3
-1.47224128E-1	5.05089341E-3
-1.45700663E-1	5.05115837E-3
-1.44538447E-1	5.05163008E-3
-1.42487943E-1	5.05207852E-3
-1.40969932E-1	5.05230017E-3
-1.39506131E-1	5.05254278E-3
-1.37502357E-1	5.05284080E-3
-1.36887416E-1	5.05315466E-3
-1.34957239E-1	5.05359517E-3
-1.33196130E-1	5.05385315E-3
-1.32132068E-1	5.05399005E-3
-1.31111696E-1	5.05418796E-3
-1.30359143E-1	5.05429367E-3
-1.29445568E-1	5.05443104E-3
-1.28752828E-1	5.05488552E-3
-1.27961934E-1	5.05496562E-3
-1.26596346E-1	5.05515514E-3
-1.25753492E-1	5.05523942E-3
-1.24913439E-1	5.05554536E-3
-1.23447187E-1	5.05583268E-3
-1.22481480E-1	5.05625410E-3
-1.21522084E-1	5.05652465E-3
-1.19729914E-1	5.05678030E-3
-1.18475452E-1	5.05708857E-3
-1.17195673E-1	5.05734561E-3
-1.15919791E-1	5.05794212E-3
-1.13894254E-1	5.05803991E-3
-1.12110540E-1	5.05835563E-3
-1.11584663E-1	5.05872397E-3
-1.10178649E-1	5.05886320E-3
-1.08791672E-1	5.05898474E-3
-1.07884794E-1	5.05925808E-3
-1.06779054E-1	5.05947601E-3
-1.04767568E-1	5.05984249E-3
-1.03559375E-1	5.06024761E-3
-1.02520816E-1	5.06039616E-3
-9.87286046E-2	5.06063690E-3
-9.86763313E-2	5.06083155E-3
-9.86078158E-2	5.06091770E-3
-9.84381884E-2	5.06113330E-3
-9.79678258E-2	5.06137405E-3
-9.71366242E-2	5.06163435E-3
-9.63889062E-2	5.06185181E-3
-9.47984904E-2	5.06202877E-3
-9.37642232E-2	5.06219873E-3
-9.22370255E-2	5.06238686E-3
-9.13564414E-2	5.06258104E-3
-9.07237083E-2	5.06283808E-3
-8.99937898E-2	5.06293308E-3
-8.97593051E-2	5.06317196E-3
-8.89174342E-2	5.06341550E-3
-8.77988189E-2	5.06374892E-3
-8.69270191E-2	5.06407022E-3
-8.60624835E-2	5.06413775E-3
-8.51785317E-2	5.06427046E-3
-8.40200558E-2	5.06436080E-3
-8.34520832E-2	5.06435242E-3
-8.28000829E-2	5.06453635E-3
-8.24843571E-2	5.06450795E-3
-8.21749866E-2	5.06463926E-3
-8.12597126E-2	5.06498478E-3
-8.03795829E-2	5.06506301E-3
-7.90524483E-2	5.06560178E-3
-7.79083446E-2	5.06587280E-3
-7.67380595E-2	5.06584905E-3
-7.54321888E-2	5.06621273E-3
-7.49148801E-2	5.06632589E-3
-7.33164325E-2	5.06637059E-3
-7.19804168E-2	5.06671052E-3
-7.10004419E-2	5.06686792E-3
-7.00427964E-2	5.06723672E-3
-6.86944053E-2	5.06751100E-3
-6.75795302E-2	5.06757060E-3
-6.72411695E-2	5.06768748E-3
-6.60981834E-2	5.06801624E-3
-6.48603961E-2	5.06820343E-3
-6.44243732E-2	5.06844185E-3
-6.28833026E-2	5.06862625E-3
-6.14969470E-2	5.06897364E-3
-6.06620125E-2	5.06921671E-3
-5.97173944E-2	5.06938156E-3
-5.83490580E-2	5.06963069E-3
-5.69218062E-2	5.06980997E-3
-5.63572049E-2	5.06996782E-3
-5.49762212E-2	5.07029565E-3
-5.41467443E-2	5.07038040E-3
-5.39494380E-2	5.07044839E-3
-5.38391769E-2	5.07044559E-3
-5.44538088E-2	5.07035712E-3
-5.40306382E-2	5.07055363E-3
-5.33387288E-2	5.07064909E-3
-5.14548123E-2	5.07109473E-3
-4.94693145E-2	5.07154781E-3
-4.80294861E-2	5.07170847E-3
-4.61611487E-2	5.07218251E-3
-4.44768965E-2	5.07246610E-3
-4.40463275E-2	5.07269148E-3
-4.24944013E-2	5.07293595E-3
-4.11895066E-2	5.07319067E-3
-4.06366661E-2	5.07334201E-3
-3.97103280E-2	5.07347984E-3
-3.77607830E-2	5.07371081E-3
-3.65153253E-2	5.07375970E-3
-3.53114828E-2	5.07396506E-3
-3.37970406E-2	5.07419324E-3
-3.27262878E-2	5.07433573E-3
-3.23679596E-2	5.07452292E-3
-3.12306173E-2	5.07468637E-3
-3.04408744E-2	5.07479440E-3
-2.92021520E-2	5.07505657E-3
-2.85174977E-2	5.07503562E-3
-2.76772156E-2	5.07513015E-3
-2.63637193E-2	5.07522887E-3
-2.58208849E-2	5.07522048E-3
-2.41892487E-2	5.07525681E-3
-2.26019341E-2	5.07535599E-3
-2.14180220E-2	5.07539138E-3
-2.03384943E-2	5.07549103E-3
-1.88964903E-2	5.07542351E-3
-1.78189334E-2	5.07544633E-3
-1.66869815E-2	5.07539557E-3
-1.51359485E-2	5.07524610E-3
-1.38867348E-2	5.07538812E-3
-1.30729526E-2	5.07535832E-3
-1.22534307E-2	5.07534528E-3
-1.10601308E-2	5.07530011E-3
-1.00878375E-2	5.07510966E-3
-8.72386154E-3	5.07500069E-3
-6.50541810E-3	5.07459696E-3
-4.76295548E-3	5.07444888E-3
-3.02846241E-3	5.07413270E-3
-1.14489556E-3	5.07380534E-3
-4.14537761E-4	5.07359579E-3
-6.75764240E-5	5.07360511E-3
-1.96460005E-5	5.07358462E-3
-1.74085526E-5	5.07350778E-3
-1.52999946E-5	5.07349847E-3
-1.41038254E-5	5.07351197E-3
-1.33090180E-5	5.07356320E-3
-1.21428093E-5	5.07367216E-3
-1.14859340E-5	5.07372851E-3
-1.06979096E-5	5.07361582E-3
-1.01546593E-5	5.07360045E-3
-9.86918440E-6	5.07361488E-3
-9.71542340E-6	5.07355016E-3
-9.65324034E-6	5.07388590E-3
-9.53170183E-6	5.07380534E-3
-9.35024127E-6	5.07376390E-3
-9.06137484E-6	5.07374248E-3
-8.52434187E-6	5.07353479E-3
-8.39601944E-6	5.07354690E-3
-8.03027251E-6	5.07371966E-3
-7.52998449E-6	5.07374201E-3
-7.29199428E-6	5.07379649E-3
-6.92624735E-6	5.07380813E-3
-6.57576311E-6	5.07380906E-3
-6.42595933E-6	5.07389428E-3
-6.26598057E-6	5.07380534E-3
-6.14839882E-6	5.07359998E-3
-6.08395521E-6	5.07350499E-3
-6.05060268E-6	5.07357763E-3
-5.84031295E-6	5.07356180E-3
-5.70181555E-6	5.07376576E-3
-5.60854187E-6	5.07387239E-3
-5.58310330E-6	5.07379603E-3
-5.73460284E-6	5.07374108E-3
-5.77926130E-6	5.07388171E-3
-5.88327566E-6	5.07383142E-3
-5.90814852E-6	5.07377367E-3
-5.94828452E-6	5.07390918E-3
-6.17666410E-6	5.07386355E-3
-6.39430345E-6	5.07394224E-3
-6.49944832E-6	5.07397484E-3
-6.46835724E-6	5.07393014E-3
-6.19305820E-6	5.07380813E-3
-5.58423426E-6	5.07359812E-3
-5.20605136E-6	5.07356925E-3
-4.90248794E-6	5.07369731E-3
-4.76229434E-6	5.07361116E-3
-4.64245204E-6	5.07360091E-3
-4.34680214E-6	5.07364655E-3
-4.26313863E-6	5.07360836E-3
-4.21961067E-6	5.07364422E-3
-4.01666966E-6	5.07368613E-3
-3.96353198E-6	5.07361628E-3
-3.73006492E-6	5.07368334E-3
-3.64357470E-6	5.07368194E-3
-3.47737796E-6	5.07360324E-3
-3.48076969E-6	5.07359393E-3
-3.33266235E-6	5.07356552E-3
-3.32983586E-6	5.07358415E-3
-3.31513820E-6	5.07352129E-3
-3.25465157E-6	5.07343933E-3
-3.21734205E-6	5.07339416E-3
-3.17494482E-6	5.07343747E-3
-2.69048678E-6	5.07364515E-3
-1.50449682E-6	5.07369079E-3
8.17221775E-8	5.07379323E-3
1.26375551E-6	5.07389102E-3
2.34573190E-6	5.07379090E-3
2.45087858E-6	5.07382583E-3
2.54415318E-6	5.07391850E-3
2.51588949E-6	5.07380441E-3
2.45483761E-6	5.07381884E-3
2.49610412E-6	5.07378764E-3
2.45766410E-6	5.07361814E-3
2.69113116E-6	5.07368613E-3
2.86298109E-6	5.07369498E-3
2.97604015E-6	5.07377787E-3
3.07327105E-6	5.07378066E-3
2.97038719E-6	5.07379789E-3
2.79514552E-6	5.07380115E-3
2.56959265E-6	5.07372664E-3
2.50797530E-6	5.07380068E-3
2.55659074E-6	5.07384492E-3
2.53058715E-6	5.07369265E-3
2.58202908E-6	5.07379603E-3
2.69508814E-6	5.07368706E-3
2.74144259E-6	5.07358927E-3
2.88220122E-6	5.07365773E-3
2.95908126E-6	5.07365540E-3
3.04952869E-6	5.07376902E-3
2.99412977E-6	5.07369498E-3
2.98282384E-6	5.07384352E-3
3.02635158E-6	5.07375924E-3
3.00147849E-6	5.07369963E-3
4.79459686E-6	5.07365819E-3
5.21913398E-6	5.07357065E-3
6.55436224E-6	5.07348077E-3
7.30733655E-6	5.07348357E-3
6.80931089E-6	5.07345423E-3
7.27115730E-6	5.07343933E-3
7.49897163E-6	5.07352781E-3
7.13096415E-6	5.07343188E-3
7.07499976E-6	5.07358462E-3
6.99472776E-6	5.07360417E-3
7.03825435E-6	5.07377321E-3
6.94328310E-6	5.07372851E-3
6.90427532E-6	5.07384818E-3
6.86639896E-6	5.07387007E-3
6.81891379E-6	5.07402280E-3
6.86300655E-6	5.07406984E-3
6.97041287E-6	5.07394923E-3
6.85509258E-6	5.07396366E-3
6.99867769E-6	5.07374201E-3
7.06990477E-6	5.07377274E-3
7.04898866E-6	5.07375877E-3
7.02185480E-6	5.07381698E-3
7.03202977E-6	5.07386401E-3
6.96984762E-6	5.07386448E-3
6.85904979E-6	5.07380068E-3
6.79121422E-6	5.07350219E-3
6.79969344E-6	5.07348217E-3
6.69850579E-6	5.07354503E-3
6.58940371E-6	5.07365959E-3
6.59562193E-6	5.07399347E-3
6.57922828E-6	5.07411268E-3
6.62671300E-6	5.07403864E-3
6.63745368E-6	5.07392688E-3
6.69567908E-6	5.07384352E-3
6.60918886E-6	5.07381139E-3
6.52835161E-6	5.07375877E-3
6.48821560E-6	5.07389102E-3
6.68606936E-6	5.07382443E-3
6.67589393E-6	5.07367542E-3
6.68776511E-6	5.07359114E-3
6.69567908E-6	5.07359859E-3
6.54248424E-6	5.07362746E-3
6.59336092E-6	5.07371360E-3
6.66289225E-6	5.07387752E-3
6.66289225E-6	5.07390825E-3
6.61766853E-6	5.07376622E-3
6.56113889E-6	5.07376343E-3
6.56905468E-6	5.07381139E-3
6.59619036E-6	5.07376343E-3
6.56397106E-6	5.07380534E-3
6.53514280E-6	5.07377787E-3
6.54192718E-6	5.07374061E-3
6.48878904E-6	5.07354038E-3
6.48765854E-6	5.07345004E-3
6.53796997E-6	5.07359114E-3
6.70473219E-6	5.07367169E-3
6.64254958E-6	5.07374760E-3
6.50461743E-6	5.07370103E-3
6.47183015E-6	5.07365121E-3
6.38816664E-6	5.07364003E-3
6.28867429E-6	5.07372385E-3
6.52666404E-6	5.07378485E-3
6.60184833E-6	5.07386308E-3
6.54362293E-6	5.07381931E-3
6.59676061E-6	5.07382210E-3
6.40964799E-6	5.07369544E-3
6.38081747E-6	5.07368008E-3
6.42886789E-6	5.07364143E-3
7.18891504E-4	5.07343607E-3
1.93939009E-3	5.07320417E-3
4.28006332E-3	5.07267797E-3
6.13825629E-3	5.07232221E-3
8.28840677E-3	5.07203909E-3
1.06987478E-2	5.07207122E-3
1.23204812E-2	5.07235201E-3
1.56867504E-2	5.07296761E-3
1.76520795E-2	5.07423701E-3
1.96989384E-2	5.07507706E-3
2.31242683E-2	5.07556135E-3
2.49663815E-2	5.07576251E-3
2.76472140E-2	5.07574622E-3
2.85599045E-2	5.07545704E-3
3.12636122E-2	5.07515389E-3
3.33354361E-2	5.07497089E-3
3.39471325E-2	5.07467240E-3
3.54631320E-2	5.07461932E-3
3.60287167E-2	5.07441489E-3
3.68362069E-2	5.07427007E-3
3.73589545E-2	5.07417554E-3
3.79250571E-2	5.07403025E-3
3.90959270E-2	5.07380767E-3
3.97159308E-2	5.07376250E-3
4.02107909E-2	5.07369963E-3
4.10006568E-2	5.07341465E-3
4.15670536E-2	5.07330056E-3
4.25340235E-2	5.07299043E-3
4.44348045E-2	5.07249963E-3
4.58230153E-2	5.07228775E-3
4.72255535E-2	5.07202884E-3
4.95544150E-2	5.07163117E-3
5.22338115E-2	5.07128518E-3
5.33142425E-2	5.07079344E-3
5.68661466E-2	5.07024908E-3
5.91211244E-2	5.06975222E-3
6.20306097E-2	5.06950542E-3
6.35272637E-2	5.06931124E-3
6.46682680E-2	5.06902020E-3
6.57933727E-2	5.06907981E-3
6.63899630E-2	5.06893825E-3
6.71938956E-2	5.06893126E-3
6.83827475E-2	5.06890658E-3
6.92103207E-2	5.06842788E-3
7.02861398E-2	5.06821834E-3
7.21509606E-2	5.06764045E-3
7.41002038E-2	5.06709563E-3
7.47555047E-2	5.06696338E-3
7.63179660E-2	5.06672636E-3
7.75356516E-2	5.06655127E-3
7.79262111E-2	5.06638503E-3
7.92577639E-2	5.06618526E-3
8.02783817E-2	5.06601343E-3
8.16072002E-2	5.06568374E-3
8.20733681E-2	5.06553100E-3
8.37825462E-2	5.06522553E-3
8.56273621E-2	5.06513380E-3
8.63070786E-2	5.06489305E-3
8.82824808E-2	5.06451214E-3
8.93730894E-2	5.06434962E-3
9.10864696E-2	5.06407395E-3
9.23251808E-2	5.06382668E-3
9.37515572E-2	5.06356126E-3
9.58879516E-2	5.06330561E-3
9.70263705E-2	5.06296707E-3
9.81330350E-2	5.06268535E-3
9.93800536E-2	5.06240409E-3
1.00221522E-1	5.06214239E-3
1.01155870E-1	5.06190397E-3
1.02518424E-1	5.06170653E-3
1.03918850E-1	5.06171351E-3
1.04350761E-1	5.06158685E-3
1.05835192E-1	5.06148534E-3
1.07039258E-1	5.06137405E-3
1.07421480E-1	5.06124645E-3
1.08791217E-1	5.06095449E-3
1.09928265E-1	5.06066624E-3
1.10794924E-1	5.06048836E-3
1.11755699E-1	5.06022293E-3
1.13016196E-1	5.06016565E-3
1.13845468E-1	5.06010139E-3
1.14638694E-1	5.06007113E-3
1.15866162E-1	5.05968509E-3
1.17212884E-1	5.05949510E-3
1.17653385E-1	5.05928975E-3
1.23245046E-1	5.05889254E-3
1.23415060E-1	5.05849719E-3
1.23970389E-1	5.05828019E-3
1.24227114E-1	5.05804177E-3
1.25418663E-1	5.05790999E-3
1.26988530E-1	5.05773304E-3
1.27986789E-1	5.05749648E-3
1.28960222E-1	5.05732186E-3
1.30129248E-1	5.05713560E-3
1.30866900E-1	5.05705085E-3
1.31503150E-1	5.05692698E-3
1.32525995E-1	5.05671976E-3
1.33375660E-1	5.05656330E-3
1.34270608E-1	5.05634956E-3
1.36274442E-1	5.05599380E-3
1.38672143E-1	5.05547551E-3
1.40241742E-1	5.05507551E-3
1.41665831E-1	5.05481008E-3
1.43123537E-1	5.05481381E-3
1.43690616E-1	5.05485525E-3
1.44073248E-1	5.05454792E-3
1.44866914E-1	5.05435606E-3
1.45361498E-1	5.05426200E-3
1.45865783E-1	5.05402219E-3
1.46699116E-1	5.05407620E-3
1.47460207E-1	5.05406549E-3
1.47967741E-1	5.05388435E-3
1.48660362E-1	5.05365944E-3
1.50075778E-1	5.05338842E-3
1.50991887E-1	5.05321845E-3
1.51917011E-1	5.05281938E-3
1.52751073E-1	5.05276117E-3
1.53613776E-1	5.05265873E-3
1.54106036E-1	5.05256979E-3
1.54848307E-1	5.05245477E-3
1.55478448E-1	5.05241659E-3
1.56499714E-1	5.05234208E-3
1.57219037E-1	5.05214697E-3
1.57897666E-1	5.05211949E-3
1.58915654E-1	5.05190762E-3
1.59694761E-1	5.05173439E-3
1.60394058E-1	5.05180052E-3
1.58981964E-1	5.05210040E-3
1.57113209E-1	5.05245384E-3
1.53883800E-1	5.05311601E-3
1.51606247E-1	5.05340379E-3
1.50337756E-1	5.05352905E-3
1.50286585E-1	5.05353697E-3
1.50231123E-1	5.05359471E-3
1.50371179E-1	5.05362963E-3
1.51201963E-1	5.05317189E-3
1.53424904E-1	5.05272532E-3
1.54906601E-1	5.05236490E-3
1.56362131E-1	5.05205151E-3
1.57606244E-1	5.05202217E-3
1.58293515E-1	5.05195605E-3
1.58767954E-1	5.05186943E-3
1.58927858E-1	5.05170366E-3
1.59432858E-1	5.05172554E-3
1.59634158E-1	5.05163474E-3
1.60258442E-1	5.05162217E-3
1.61103219E-1	5.05145499E-3
1.62322193E-1	5.05126920E-3
1.63455352E-1	5.05107688E-3
1.64798096E-1	5.05055906E-3
1.66761681E-1	5.05028618E-3
1.68485835E-1	5.05014323E-3
1.68957710E-1	5.04986942E-3
1.70081988E-1	5.04990434E-3
1.70546010E-1	5.04990621E-3
1.71349093E-1	5.04977955E-3
1.72400981E-1	5.04938327E-3
1.73689723E-1	5.04917884E-3
1.74344063E-1	5.04902890E-3
1.74990848E-1	5.04891761E-3
1.75825536E-1	5.04890457E-3
1.76804498E-1	5.04883332E-3
1.77361175E-1	5.04847802E-3
1.79151684E-1	5.04810922E-3
1.80545017E-1	5.04799001E-3
1.81577578E-1	5.04742609E-3
1.82786658E-1	5.04743028E-3
1.83524042E-1	5.04731247E-3
1.84224844E-1	5.04711689E-3
1.85103267E-1	5.04696788E-3
1.86367139E-1	5.04681934E-3
1.87371150E-1	5.04665170E-3
1.87898338E-1	5.04645333E-3
1.88225508E-1	5.04644867E-3
1.88926369E-1	5.04638208E-3
1.89516008E-1	5.04618790E-3
1.90560296E-1	5.04605845E-3
1.91295370E-1	5.04578045E-3
1.91927090E-1	5.04556345E-3
1.92875326E-1	5.04536461E-3
1.93404064E-1	5.04533714E-3
1.94135100E-1	5.04529290E-3
1.94550976E-1	5.04520396E-3
1.94922164E-1	5.04510896E-3
1.95779338E-1	5.04491525E-3
1.96496740E-1	5.04459254E-3
1.98052943E-1	5.04427264E-3
1.99176386E-1	5.04416460E-3
2.00115219E-1	5.04398718E-3
2.01222315E-1	5.04389871E-3
2.01466203E-1	5.04394667E-3
2.01693386E-1	5.04388753E-3
2.02225953E-1	5.04372176E-3
2.02862188E-1	5.04365331E-3
2.04172507E-1	5.04347356E-3
2.05083668E-1	5.04326960E-3
2.06124887E-1	5.04316622E-3
2.06919134E-1	5.04304375E-3
2.07092822E-1	5.04290778E-3
2.08211720E-1	5.04255900E-3
2.09418431E-1	5.04231639E-3
2.10144654E-1	5.04223816E-3
2.10865915E-1	5.04212035E-3
2.11533189E-1	5.04219159E-3
2.12420776E-1	5.04204631E-3
2.12729007E-1	5.04193688E-3
2.14114249E-1	5.04179858E-3
2.14913324E-1	5.04172035E-3
2.15375632E-1	5.04164305E-3
2.16137499E-1	5.04134130E-3
2.16616109E-1	5.04132360E-3
2.17197031E-1	5.04113734E-3
2.18063608E-1	5.04089752E-3
2.19543278E-1	5.04085515E-3
2.21087515E-1	5.04065165E-3
2.21479997E-1	5.04036387E-3
2.22343132E-1	5.04028145E-3
2.22796306E-1	5.04017947E-3
2.23013788E-1	5.04014222E-3
2.23233357E-1	5.04022371E-3
2.23519191E-1	5.04008355E-3
2.23721921E-1	5.03999414E-3
2.23938361E-1	5.04008587E-3
2.24612638E-1	5.03977574E-3
2.25456819E-1	5.03980974E-3
2.26146549E-1	5.03971288E-3
2.26835623E-1	5.03936969E-3
2.27748692E-1	5.03928307E-3
2.28545472E-1	5.03899017E-3
2.29447559E-1	5.03880298E-3
2.30520085E-1	5.03856083E-3
2.31373861E-1	5.03853755E-3
2.32111290E-1	5.03847934E-3
2.32756540E-1	5.03847562E-3
2.34004170E-1	5.03831077E-3
2.36072555E-1	5.03783114E-3
2.38325298E-1	5.03721694E-3
2.41633713E-1	5.03680203E-3
2.43595347E-1	5.03633730E-3
2.44441554E-1	5.03626559E-3
2.44426563E-1	5.03614359E-3
2.44414806E-1	5.03598899E-3
2.44394928E-1	5.03599504E-3
2.44382471E-1	5.03605930E-3
2.44492278E-1	5.03607560E-3
2.44793773E-1	5.03614731E-3
2.45327622E-1	5.03597874E-3
2.45716825E-1	5.03591914E-3
2.46201068E-1	5.03582181E-3
2.46972874E-1	5.03571192E-3
2.47453317E-1	5.03565557E-3
2.48016819E-1	5.03544556E-3
2.49012694E-1	5.03516942E-3
2.49619305E-1	5.03516756E-3
2.50417650E-1	5.03503857E-3
2.51000047E-1	5.03492728E-3
2.51791418E-1	5.03490027E-3
2.52265960E-1	5.03479037E-3
2.52920359E-1	5.03442576E-3
2.53978491E-1	5.03426185E-3
2.54708350E-1	5.03404811E-3
2.54924059E-1	5.03384229E-3
2.55765855E-1	5.03383065E-3
2.56680965E-1	5.03369328E-3
2.57521927E-1	5.03346557E-3
2.59505481E-1	5.03306510E-3
2.60835618E-1	5.03249420E-3
2.62815446E-1	5.03236009E-3
2.64240295E-1	5.03213843E-3
2.65536398E-1	5.03201783E-3
2.67280787E-1	5.03192283E-3
2.68487632E-1	5.03179478E-3
2.69964606E-1	5.03139384E-3
2.70698965E-1	5.03109861E-3
2.71356612E-1	5.03099198E-3
2.72162586E-1	5.03075123E-3
2.72801369E-1	5.03055612E-3
2.73993015E-1	5.03036007E-3
2.74906635E-1	5.03003690E-3
2.76207685E-1	5.03005646E-3
2.76948959E-1	5.03007881E-3
2.77535230E-1	5.03012352E-3
2.78324664E-1	5.03005786E-3
2.79156417E-1	5.02961129E-3
2.80211449E-1	5.02942875E-3
2.82193899E-1	5.02885692E-3
2.84118116E-1	5.02857519E-3
2.85156846E-1	5.02840290E-3
2.86073774E-1	5.02809510E-3
2.87153006E-1	5.02795959E-3
2.87867486E-1	5.02798008E-3
2.88571596E-1	5.02792280E-3
2.89363116E-1	5.02763456E-3
2.90102512E-1	5.02747111E-3
2.90319204E-1	5.02740126E-3
2.91025549E-1	5.02717914E-3
2.92198569E-1	5.02705807E-3
2.93082207E-1	5.02695236E-3
2.94227868E-1	5.02654165E-3
2.96247363E-1	5.02613001E-3
2.97477871E-1	5.02598379E-3
2.98524767E-1	5.02568018E-3
2.99841315E-1	5.02556050E-3
3.00386816E-1	5.02544828E-3
3.00903678E-1	5.02543477E-3
3.02024484E-1	5.02537424E-3
3.02962244E-1	5.02534490E-3
3.04674685E-1	5.02522895E-3
3.05802345E-1	5.02481591E-3
3.07639599E-1	5.02435863E-3
3.08753610E-1	5.02392976E-3
3.09752584E-1	5.02359821E-3
3.12023401E-1	5.02304453E-3
3.13653409E-1	5.02280332E-3
3.15173954E-1	5.02244290E-3
3.17265600E-1	5.02228783E-3
3.18274975E-1	5.02222544E-3
3.19173038E-1	5.02202986E-3
3.19988728E-1	5.02185477E-3
3.21714520E-1	5.02139609E-3
3.22952598E-1	5.02121495E-3
3.24404269E-1	5.02104172E-3
3.26613963E-1	5.02067013E-3
3.27984184E-1	5.02045033E-3
3.29564065E-1	5.02013788E-3
3.31771821E-1	5.01965266E-3
3.33338022E-1	5.01923449E-3
3.34141940E-1	5.01918048E-3
3.35178047E-1	5.01875719E-3
3.37287635E-1	5.01829665E-3
3.39643538E-1	5.01804287E-3
3.40485692E-1	5.01755206E-3
3.42700958E-1	5.01735602E-3
3.43818575E-1	5.01726381E-3
3.44488531E-1	5.01720933E-3
3.45224857E-1	5.01723867E-3
3.45806539E-1	5.01705892E-3
3.46273929E-1	5.01677627E-3
3.46886277E-1	5.01672225E-3
3.47855330E-1	5.01647079E-3
3.48777711E-1	5.01628546E-3
3.49274427E-1	5.01620723E-3
3.49776685E-1	5.01608104E-3
3.50629479E-1	5.01594460E-3
3.51339340E-1	5.01569454E-3
3.52027357E-1	5.01553901E-3
3.52738112E-1	5.01541281E-3
3.52992058E-1	5.01546869E-3
3.53967875E-1	5.01527311E-3
3.54832709E-1	5.01509663E-3
3.56135607E-1	5.01496857E-3
3.56528074E-1	5.01475018E-3
3.55953038E-1	5.01478789E-3
3.55299532E-1	5.01486193E-3
3.54616076E-1	5.01496764E-3
3.53944808E-1	5.01505099E-3
3.53740871E-1	5.01508592E-3
3.53537381E-1	5.01513295E-3
3.53311509E-1	5.01509197E-3
3.53201061E-1	5.01514133E-3
3.53053063E-1	5.01516275E-3
3.52964222E-1	5.01508545E-3
3.52838069E-1	5.01508033E-3
3.52759749E-1	5.01510082E-3
3.52685750E-1	5.01506077E-3
3.52581203E-1	5.01496624E-3
3.52536201E-1	5.01499977E-3
3.52632016E-1	5.01503795E-3
3.53355587E-1	5.01468265E-3
3.54554862E-1	5.01465192E-3
3.55722487E-1	5.01433248E-3
3.57714087E-1	5.01397206E-3
3.60599518E-1	5.01352223E-3
3.63861054E-1	5.01293689E-3
3.65388542E-1	5.01241256E-3
3.68701071E-1	5.01174806E-3
3.71223629E-1	5.01140906E-3
3.72233480E-1	5.01098717E-3
3.75445575E-1	5.01033990E-3
3.78106654E-1	5.00973500E-3
3.79867285E-1	5.00956690E-3
3.81334126E-1	5.00933500E-3
3.81651461E-1	5.00935316E-3
3.82048279E-1	5.00928052E-3
3.82240713E-1	5.00933873E-3
3.83429110E-1	5.00900857E-3
3.84298474E-1	5.00876456E-3
3.85258287E-1	5.00872592E-3
3.86407524E-1	5.00824768E-3
3.86943191E-1	5.00814896E-3
3.87190282E-1	5.00793150E-3
3.87582064E-1	5.00787562E-3
3.88152570E-1	5.00799296E-3
3.89003009E-1	5.00783836E-3
3.89377624E-1	5.00792265E-3
3.90196294E-1	5.00773778E-3
3.90883595E-1	5.00749005E-3
3.91248733E-1	5.00727445E-3
3.91603053E-1	5.00692707E-3
3.92419428E-1	5.00677060E-3
3.93115252E-1	5.00667095E-3
3.94044489E-1	5.00658853E-3
3.95525515E-1	5.00639761E-3
3.97194237E-1	5.00617782E-3
3.97746533E-1	5.00605861E-3
3.99269402E-1	5.00580901E-3
4.00736719E-1	5.00549702E-3
4.01607335E-1	5.00544347E-3
4.02576476E-1	5.00495918E-3
4.04021680E-1	5.00450237E-3
4.04980868E-1	5.00430586E-3
4.06064421E-1	5.00406837E-3
4.07583475E-1	5.00371167E-3
4.08938617E-1	5.00354450E-3
4.09369379E-1	5.00335032E-3
4.10722405E-1	5.00309421E-3
4.11943316E-1	5.00290887E-3
4.12744075E-1	5.00275567E-3
4.13518339E-1	5.00270957E-3
4.14335936E-1	5.00256801E-3
4.14750487E-1	5.00244787E-3
4.15164441E-1	5.00234682E-3
4.16312754E-1	5.00214659E-3
4.17914271E-1	5.00203948E-3
4.19520795E-1	5.00192773E-3
4.21298802E-1	5.00138756E-3
4.23812926E-1	5.00076683E-3
4.25486326E-1	5.00057964E-3
4.27116960E-1	4.99992585E-3
4.29154634E-1	4.99960827E-3
4.30320770E-1	4.99944063E-3
4.31495339E-1	4.99931397E-3
4.32867825E-1	4.99927904E-3
4.34279978E-1	4.99917427E-3
4.34967399E-1	4.99862945E-3
4.36998039E-1	4.99834027E-3
4.38706100E-1	4.99801105E-3
4.39242661E-1	4.99781081E-3
4.40472335E-1	4.99756820E-3
4.41843420E-1	4.99717006E-3
4.43095356E-1	4.99683851E-3
4.45018798E-1	4.99656657E-3
4.46037084E-1	4.99650091E-3
4.47541565E-1	4.99620661E-3
4.48696107E-1	4.99600917E-3
4.50116903E-1	4.99553559E-3
4.52621043E-1	4.99494141E-3
4.54358339E-1	4.99483244E-3
4.56563145E-1	4.99440357E-3
4.57807511E-1	4.99392767E-3
4.59218055E-1	4.99372557E-3
4.61480767E-1	4.99347458E-3
4.62736279E-1	4.99317097E-3
4.64505762E-1	4.99298889E-3
4.65428323E-1	4.99287853E-3
4.66428965E-1	4.99261450E-3
4.67216641E-1	4.99221729E-3
4.68349010E-1	4.99204919E-3
4.69967216E-1	4.99188714E-3
4.71005440E-1	4.99179121E-3
4.72452074E-1	4.99166735E-3
4.74693060E-1	4.99134837E-3
4.77408320E-1	4.99103731E-3
4.79116827E-1	4.99074021E-3
4.80322987E-1	4.99039004E-3
4.81521040E-1	4.99010133E-3
4.82115120E-1	4.98988479E-3
4.83249485E-1	4.98958537E-3
4.86094803E-1	4.98896418E-3
4.88958567E-1	4.98837000E-3
4.90681529E-1	4.98804590E-3
4.92074937E-1	4.98780562E-3
4.93220717E-1	4.98750713E-3
4.94154662E-1	4.98748478E-3
4.95293140E-1	4.98710200E-3
4.97038364E-1	4.98679560E-3
4.99135792E-1	4.98657208E-3
5.00732064E-1	4.98594064E-3
5.02188444E-1	4.98556532E-3
5.04034519E-1	4.98533808E-3
5.04967153E-1	4.98508755E-3
5.06292224E-1	4.98490036E-3
5.07213712E-1	4.98472853E-3
5.08119881E-1	4.98453015E-3
5.09465516E-1	4.98439185E-3
5.10422885E-1	4.98408638E-3
5.11617482E-1	4.98392293E-3
5.12512863E-1	4.98360023E-3
5.14034688E-1	4.98336321E-3
5.14991522E-1	4.98309452E-3
5.15761912E-1	4.98284632E-3
5.16752481E-1	4.98280535E-3
5.17237663E-1	4.98270337E-3
5.17531633E-1	4.98266332E-3
5.17864227E-1	4.98266378E-3
5.18382847E-1	4.98237973E-3
5.18800259E-1	4.98228054E-3
5.19464076E-1	4.98208636E-3
5.20378768E-1	4.98196948E-3
5.21025419E-1	4.98192385E-3
5.21200299E-1	4.98195179E-3
5.21412373E-1	4.98180091E-3
5.21378875E-1	4.98180324E-3
5.21367013E-1	4.98172734E-3
5.21325350E-1	4.98149218E-3
5.21252513E-1	4.98162722E-3
5.21138370E-1	4.98150103E-3
5.20705640E-1	4.98167006E-3
5.19952416E-1	4.98173852E-3
5.19161940E-1	4.98187449E-3
5.18891990E-1	4.98195458E-3
5.18318772E-1	4.98200580E-3
5.17967522E-1	4.98186797E-3
5.17854452E-1	4.98178089E-3
5.17519653E-1	4.98186890E-3
5.17246485E-1	4.98183165E-3
5.17050564E-1	4.98187914E-3
5.16843557E-1	4.98195644E-3
5.16545475E-1	4.98197461E-3
5.16293347E-1	4.98204120E-3
5.16138732E-1	4.98191640E-3
5.15934467E-1	4.98185074E-3
5.15812457E-1	4.98171756E-3
5.15701592E-1	4.98166261E-3
5.15559077E-1	4.98172641E-3
5.15435874E-1	4.98173246E-3
5.15394807E-1	4.98174503E-3
5.15247464E-1	4.98200860E-3
5.15136063E-1	4.98216134E-3
5.14958978E-1	4.98227589E-3
5.14859259E-1	4.98217391E-3
5.14724970E-1	4.98195132E-3
5.14631450E-1	4.98189079E-3
5.14544427E-1	4.98183165E-3
5.14851213E-1	4.98174364E-3
5.15187621E-1	4.98179486E-3
5.15569448E-1	4.98165702E-3
5.16277015E-1	4.98165330E-3
5.16572833E-1	4.98157879E-3
5.16269147E-1	4.98171849E-3
5.15631378E-1	4.98192757E-3
5.14260650E-1	4.98215947E-3
5.12605309E-1	4.98245656E-3
5.12134254E-1	4.98241279E-3
5.10882735E-1	4.98264562E-3
5.09832382E-1	4.98270150E-3
5.09237885E-1	4.98280395E-3
5.08585334E-1	4.98301815E-3
5.08159757E-1	4.98303585E-3
5.08050859E-1	4.98316810E-3
5.07597029E-1	4.98328451E-3
5.06979525E-1	4.98331571E-3
5.06530523E-1	4.98339953E-3
5.06028593E-1	4.98335995E-3
5.05237162E-1	4.98343911E-3
5.04767358E-1	4.98364260E-3
5.04254758E-1	4.98371478E-3
5.03358543E-1	4.98397509E-3
5.02462387E-1	4.98415157E-3
5.01765072E-1	4.98422841E-3
5.01042426E-1	4.98428009E-3
5.00197768E-1	4.98439092E-3
4.99580085E-1	4.98451479E-3
4.98893291E-1	4.98480303E-3
4.97945189E-1	4.98485519E-3
4.96886760E-1	4.98508336E-3
4.95946616E-1	4.98525798E-3
4.94311601E-1	4.98555880E-3
4.93181258E-1	4.98576136E-3
4.92020905E-1	4.98576136E-3
4.90516305E-1	4.98606404E-3
4.89590287E-1	4.98620979E-3
4.89133686E-1	4.98644635E-3
4.88806576E-1	4.98672249E-3
4.88577664E-1	4.98682074E-3
4.88563240E-1	4.98686964E-3
4.88527685E-1	4.98679932E-3
4.87892509E-1	4.98695718E-3
4.86838043E-1	4.98718908E-3
4.86019343E-1	4.98726871E-3
4.85065669E-1	4.98754438E-3
4.83849704E-1	4.98753833E-3
4.82989848E-1	4.98776650E-3
4.81581658E-1	4.98805009E-3
4.80143517E-1	4.98835975E-3
4.79265332E-1	4.98846453E-3
4.78499025E-1	4.98859165E-3
4.77434605E-1	4.98877140E-3
4.76807803E-1	4.98893065E-3
4.76240486E-1	4.98910621E-3
4.75795329E-1	4.98929713E-3
4.75245088E-1	4.98949690E-3
4.74760473E-1	4.98945359E-3
4.74270731E-1	4.98947967E-3
4.73336548E-1	4.98953462E-3
4.72521156E-1	4.98960959E-3
4.71380055E-1	4.98985220E-3
4.70224828E-1	4.99004452E-3
4.69375163E-1	4.99040587E-3
4.68486726E-1	4.99058794E-3
4.67105597E-1	4.99077374E-3
4.65864539E-1	4.99109598E-3
4.65508521E-1	4.99119703E-3
4.64568764E-1	4.99136187E-3
4.63595390E-1	4.99127805E-3
4.62837368E-1	4.99131251E-3
4.62060660E-1	4.99145174E-3
4.60966051E-1	4.99153370E-3
4.60337639E-1	4.99160914E-3
4.59632337E-1	4.99183917E-3
4.58616108E-1	4.99193463E-3
4.58008468E-1	4.99216234E-3
4.57386166E-1	4.99246456E-3
4.56431717E-1	4.99255210E-3
4.55672771E-1	4.99272859E-3
4.55082566E-1	4.99295397E-3
4.54465479E-1	4.99314116E-3
4.53738600E-1	4.99326549E-3
4.53163683E-1	4.99322172E-3
4.52588230E-1	4.99328505E-3
4.51691896E-1	4.99343779E-3
4.50723708E-1	4.99350019E-3
4.50108171E-1	4.99391742E-3
4.49430138E-1	4.99403290E-3
4.48453754E-1	4.99395793E-3
4.47871268E-1	4.99423966E-3
4.46864069E-1	4.99434583E-3
4.45936948E-1	4.99461126E-3
4.45678174E-1	4.99472488E-3
4.44981426E-1	4.99485992E-3
4.44517106E-1	4.99491487E-3
4.44288194E-1	4.99496330E-3
4.43908751E-1	4.99512535E-3
4.42943335E-1	4.99535073E-3
4.41877246E-1	4.99554258E-3
4.41140831E-1	4.99559566E-3
4.40558732E-1	4.99580428E-3
4.39987600E-1	4.99585876E-3
4.39566314E-1	4.99610044E-3
4.38848823E-1	4.99636214E-3
4.37969685E-1	4.99636494E-3
4.37350363E-1	4.99658938E-3
4.36740309E-1	4.99646086E-3
4.35887665E-1	4.99662990E-3
4.35376883E-1	4.99665085E-3
4.34489965E-1	4.99690138E-3
4.33811426E-1	4.99738846E-3
4.32880938E-1	4.99735354E-3
4.32281733E-1	4.99756308E-3
4.31675136E-1	4.99748392E-3
4.31296676E-1	4.99744667E-3
4.31137383E-1	4.99754958E-3
4.30451185E-1	4.99759102E-3
4.29586470E-1	4.99753468E-3
4.29068863E-1	4.99754772E-3
4.28604841E-1	4.99773026E-3
4.28127199E-1	4.99788020E-3
4.27831233E-1	4.99797100E-3
4.27217275E-1	4.99832025E-3
4.26559448E-1	4.99861641E-3
4.26134795E-1	4.99868020E-3
4.25670952E-1	4.99898754E-3
4.24955219E-1	4.99908673E-3
4.24140990E-1	4.99914493E-3
4.23898071E-1	4.99927392E-3
4.23233151E-1	4.99919523E-3
4.22576994E-1	4.99938242E-3
4.22174394E-1	4.99943038E-3
4.21360403E-1	4.99950396E-3
4.20779049E-1	4.99974145E-3
4.20200229E-1	4.99989185E-3
4.19276476E-1	5.00001805E-3
4.18470681E-1	5.00018895E-3
4.18073118E-1	5.00012748E-3
4.17754799E-1	5.00018243E-3
4.17236835E-1	5.00029745E-3
4.16843444E-1	5.00047812E-3
4.16456342E-1	5.00071002E-3
4.15830314E-1	5.00088790E-3
4.15088922E-1	5.00098756E-3
4.14581567E-1	5.00097033E-3
4.13938284E-1	5.00097079E-3
4.12835211E-1	5.00111142E-3
4.12212133E-1	5.00120129E-3
4.11615103E-1	5.00143552E-3
4.10740435E-1	5.00180433E-3
4.09854800E-1	5.00175869E-3
4.09074426E-1	5.00200735E-3
4.07775015E-1	5.00204740E-3
4.07049209E-1	5.00227371E-3
4.06420648E-1	5.00256987E-3
4.05803651E-1	5.00251167E-3
4.05577749E-1	5.00259921E-3
4.05258656E-1	5.00263181E-3
4.04946893E-1	5.00253309E-3
4.04434800E-1	5.00269793E-3
4.04034674E-1	5.00287022E-3
4.03649390E-1	5.00296243E-3
4.03062403E-1	5.00324415E-3
4.02458191E-1	5.00332611E-3
4.02064979E-1	5.00342902E-3
4.01261866E-1	5.00359340E-3
4.00662988E-1	5.00366837E-3
3.99948090E-1	5.00374380E-3
3.98773879E-1	5.00417221E-3
3.97706151E-1	5.00425696E-3
3.97146672E-1	5.00419177E-3
3.96762133E-1	5.00412425E-3
3.96447688E-1	5.00391889E-3
3.96404266E-1	5.00393892E-3
3.96223217E-1	5.00407722E-3
3.95777792E-1	5.00436407E-3
3.95069748E-1	5.00450330E-3
3.94416839E-1	5.00461971E-3
3.93414944E-1	5.00482786E-3
3.92814755E-1	5.00481995E-3
3.92327696E-1	5.00473240E-3
3.91829640E-1	5.00484137E-3
3.91707897E-1	5.00485022E-3
3.91679317E-1	5.00495266E-3
3.91647965E-1	5.00505837E-3
3.91449928E-1	5.00517432E-3
3.90978515E-1	5.00522833E-3
3.90018016E-1	5.00551518E-3
3.89058590E-1	5.00582950E-3
3.87646943E-1	5.00592496E-3
3.87029529E-1	5.00610285E-3
3.86363477E-1	5.00611635E-3
3.86141896E-1	5.00605488E-3
3.85988832E-1	5.00633381E-3
3.85337353E-1	5.00655174E-3
3.84199351E-1	5.00669423E-3
3.83408338E-1	5.00688050E-3
3.82523268E-1	5.00691496E-3
3.81248891E-1	5.00722835E-3
3.80369782E-1	5.00749191E-3
3.78918886E-1	5.00776479E-3
3.77961636E-1	5.00793196E-3
3.76756281E-1	5.00805024E-3
3.76070619E-1	5.00811078E-3
3.75123560E-1	5.00837760E-3
3.74533832E-1	5.00869751E-3
3.73867512E-1	5.00880834E-3
3.72826517E-1	5.00905933E-3
3.71812969E-1	5.00931451E-3
3.71145815E-1	5.00935642E-3
3.70373607E-1	5.00957249E-3
3.69255245E-1	5.00990869E-3
3.68497819E-1	5.01002325E-3
3.67590547E-1	5.00995386E-3
3.66222680E-1	5.01007168E-3
3.65112036E-1	5.01014432E-3
3.64383280E-1	5.01014711E-3
3.63788128E-1	5.01059275E-3
3.63080025E-1	5.01089403E-3
3.62493575E-1	5.01095876E-3
3.61434340E-1	5.01123676E-3
3.60621452E-1	5.01147751E-3
3.59766692E-1	5.01170801E-3
3.58612597E-1	5.01198275E-3
3.57803971E-1	5.01206750E-3
3.57265711E-1	5.01213316E-3
3.56652737E-1	5.01210429E-3
3.55535090E-1	5.01243118E-3
3.54672402E-1	5.01271058E-3
3.53859037E-1	5.01278602E-3
3.52816612E-1	5.01317531E-3
3.51983160E-1	5.01330988E-3
3.51580530E-1	5.01335505E-3
3.51107627E-1	5.01333736E-3
3.50854576E-1	5.01336763E-3
3.50672692E-1	5.01332385E-3
3.50470692E-1	5.01334155E-3
3.50374609E-1	5.01342118E-3
3.50153416E-1	5.01348497E-3
3.49805236E-1	5.01373969E-3
3.49077463E-1	5.01402700E-3
3.47919077E-1	5.01434598E-3
3.47532779E-1	5.01438649E-3
3.46269041E-1	5.01416251E-3
3.45353365E-1	5.01432363E-3
3.44383389E-1	5.01448242E-3
3.43105316E-1	5.01469756E-3
3.42336506E-1	5.01501188E-3
3.41263533E-1	5.01526147E-3
3.40616256E-1	5.01538441E-3
3.39500576E-1	5.01556462E-3
3.38645905E-1	5.01592690E-3
3.37821096E-1	5.01597067E-3
3.36614013E-1	5.01622492E-3
3.35480869E-1	5.01651410E-3
3.34698558E-1	5.01654111E-3
3.33079427E-1	5.01667568E-3
3.31868440E-1	5.01698023E-3
3.30799013E-1	5.01713343E-3
3.29588830E-1	5.01745567E-3
3.28848749E-1	5.01775136E-3
3.28429490E-1	5.01796138E-3
3.27773929E-1	5.01795299E-3
3.26461136E-1	5.01811225E-3
3.25146347E-1	5.01841586E-3
3.24131459E-1	5.01866359E-3
3.23188812E-1	5.01909247E-3
3.22091818E-1	5.01930201E-3
3.21508765E-1	5.01942728E-3
3.20958346E-1	5.01947524E-3
3.20592463E-1	5.01950691E-3
3.20119470E-1	5.01947338E-3
3.19161564E-1	5.01977140E-3
3.17669481E-1	5.01997722E-3
3.16601366E-1	5.02038281E-3
3.15244108E-1	5.02073066E-3
3.12816620E-1	5.02083823E-3
3.10755104E-1	5.02108037E-3
3.09404880E-1	5.02134627E-3
3.08297008E-1	5.02163079E-3
3.07049155E-1	5.02201449E-3
3.06073874E-1	5.02222357E-3
3.04787219E-1	5.02231717E-3
3.03563118E-1	5.02254115E-3
3.02830547E-1	5.02266549E-3
3.02104980E-1	5.02298726E-3
3.00890684E-1	5.02316747E-3
3.00080001E-1	5.02335746E-3
2.99195945E-1	5.02362754E-3
2.97804385E-1	5.02384501E-3
2.96073496E-1	5.02437819E-3
2.94878542E-1	5.02456445E-3
2.93216437E-1	5.02490578E-3
2.91711092E-1	5.02517214E-3
2.91325837E-1	5.02530066E-3
2.90123671E-1	5.02551021E-3
2.88887590E-1	5.02574258E-3
2.88107187E-1	5.02592046E-3
2.86840856E-1	5.02606062E-3
2.86192566E-1	5.02618263E-3
2.85591304E-1	5.02618169E-3
2.84436017E-1	5.02631627E-3
2.83712566E-1	5.02662128E-3
2.82446504E-1	5.02691464E-3
2.81374753E-1	5.02723735E-3
2.79952526E-1	5.02740405E-3
2.78778344E-1	5.02776494E-3
2.78363556E-1	5.02806157E-3
2.77184099E-1	5.02823573E-3
2.75904447E-1	5.02852304E-3
2.74975806E-1	5.02854772E-3
2.74098724E-1	5.02861058E-3
2.72869408E-1	5.02883457E-3
2.72187293E-1	5.02907764E-3
2.71577954E-1	5.02929976E-3
2.70563662E-1	5.02938684E-3
2.69381702E-1	5.02954889E-3
2.68376738E-1	5.02979849E-3
2.66550481E-1	5.02995541E-3
2.65107840E-1	5.03042201E-3
2.63883501E-1	5.03066787E-3
2.62534499E-1	5.03078196E-3
2.61742741E-1	5.03097288E-3
2.61632502E-1	5.03099384E-3
2.61282206E-1	5.03103016E-3
2.60698557E-1	5.03121503E-3
2.60313511E-1	5.03135240E-3
2.59831041E-1	5.03145391E-3
2.59197742E-1	5.03135798E-3
2.58723348E-1	5.03149582E-3
2.58313507E-1	5.03139803E-3
2.57871121E-1	5.03150653E-3
2.57629246E-1	5.03169466E-3
2.57382900E-1	5.03186276E-3
2.56919086E-1	5.03186742E-3
2.56666839E-1	5.03215054E-3
2.56282687E-1	5.03226323E-3
2.55463928E-1	5.03224088E-3
2.54768103E-1	5.03265020E-3
2.54247338E-1	5.03266137E-3
2.53805757E-1	5.03284950E-3
2.53143758E-1	5.03298827E-3
2.52401382E-1	5.03306091E-3
2.51738012E-1	5.03319176E-3
2.50721097E-1	5.03336731E-3
2.50239849E-1	5.03333984E-3
2.49857008E-1	5.03334496E-3
2.49009445E-1	5.03343716E-3
2.48146474E-1	5.03370306E-3
2.47384056E-1	5.03401505E-3
2.46127337E-1	5.03423857E-3
2.45517477E-1	5.03440108E-3
2.44755372E-1	5.03453100E-3
2.43664891E-1	5.03464602E-3
2.42773801E-1	5.03478851E-3
2.42236808E-1	5.03488863E-3
2.41736695E-1	5.03500644E-3
2.40834445E-1	5.03518060E-3
2.39811808E-1	5.03539015E-3
2.39480615E-1	5.03554801E-3
2.38429859E-1	5.03580365E-3
2.37596214E-1	5.03598247E-3
2.37178907E-1	5.03603974E-3
2.36203983E-1	5.03630331E-3
2.35364184E-1	5.03648305E-3
2.34484598E-1	5.03680762E-3
2.33107701E-1	5.03702043E-3
2.32340440E-1	5.03714290E-3
2.31532305E-1	5.03707258E-3
2.31083661E-1	5.03702508E-3
2.30212733E-1	5.03741764E-3
2.29212493E-1	5.03742089E-3
2.28554294E-1	5.03789121E-3
2.27629438E-1	5.03807329E-3
2.26033717E-1	5.03826234E-3
2.24673301E-1	5.03873127E-3
2.22635642E-1	5.03895106E-3
2.20727146E-1	5.03937807E-3
2.20107704E-1	5.03981998E-3
2.18191028E-1	5.04004443E-3
2.16135472E-1	5.04025444E-3
2.14730039E-1	5.04073920E-3
2.12296918E-1	5.04092546E-3
2.10975409E-1	5.04120346E-3
2.09222734E-1	5.04162256E-3
2.08223552E-1	5.04173571E-3
2.07303017E-1	5.04206819E-3
2.06292659E-1	5.04243467E-3
2.05409959E-1	5.04257763E-3
2.04415932E-1	5.04275272E-3
2.02695563E-1	5.04298275E-3
2.01665193E-1	5.04340976E-3
2.00438067E-1	5.04373014E-3
1.98601663E-1	5.04426425E-3
1.97557852E-1	5.04451012E-3
1.96064830E-1	5.04460884E-3
1.94833338E-1	5.04463026E-3
1.94017187E-1	5.04477043E-3
1.93033457E-1	5.04493155E-3
1.91525802E-1	5.04526682E-3
1.90227374E-1	5.04543632E-3
1.89418778E-1	5.04557043E-3
1.88286051E-1	5.04560396E-3
1.87497631E-1	5.04590478E-3
1.86715558E-1	5.04593179E-3
1.85408264E-1	5.04602771E-3
1.84204847E-1	5.04632527E-3
1.83818281E-1	5.04652644E-3
1.82493269E-1	5.04677743E-3
1.81133300E-1	5.04713599E-3
1.80304006E-1	5.04741399E-3
1.79242656E-1	5.04765008E-3
1.78743243E-1	5.04788570E-3
1.78409234E-1	5.04781026E-3
1.78286016E-1	5.04783401E-3
1.78181738E-1	5.04778745E-3
1.78371951E-1	5.04767383E-3
1.78723499E-1	5.04762679E-3
1.79200575E-1	5.04756393E-3
1.78906888E-1	5.04779816E-3
1.77905306E-1	5.04819723E-3
1.75700560E-1	5.04852831E-3
1.73928037E-1	5.04896371E-3
1.72271982E-1	5.04936324E-3
1.70463994E-1	5.04967012E-3
1.68855801E-1	5.04995836E-3
1.67945072E-1	5.05019724E-3
1.67125806E-1	5.05051482E-3
1.66143447E-1	5.05082030E-3
1.64938256E-1	5.05103497E-3
1.64083183E-1	5.05111646E-3
1.62592173E-1	5.05140051E-3
1.61449626E-1	5.05162310E-3
1.60190374E-1	5.05212462E-3
1.57662526E-1	5.05257212E-3
1.55303195E-1	5.05292881E-3
1.53898120E-1	5.05324639E-3
1.52502671E-1	5.05331950E-3
1.52080894E-1	5.05345594E-3
1.51645005E-1	5.05345082E-3
1.50746420E-1	5.05356351E-3
1.49745747E-1	5.05374977E-3
1.48974732E-1	5.05401334E-3
1.48079798E-1	5.05430577E-3
1.46624267E-1	5.05449018E-3
1.45015880E-1	5.05495910E-3
1.44059762E-1	5.05518354E-3
1.42925814E-1	5.05543547E-3
1.42108753E-1	5.05555002E-3
1.41933322E-1	5.05547319E-3
1.41421691E-1	5.05566504E-3
1.40604183E-1	5.05593838E-3
1.40124753E-1	5.05601708E-3
1.39663324E-1	5.05622476E-3
1.38750300E-1	5.05622383E-3
1.38096079E-1	5.05634444E-3
1.37165546E-1	5.05663687E-3
1.36205167E-1	5.05680079E-3
1.35485083E-1	5.05702291E-3
1.34829000E-1	5.05732559E-3
1.33867159E-1	5.05745551E-3
1.32665083E-1	5.05764736E-3
1.31858230E-1	5.05782012E-3
1.30512044E-1	5.05792303E-3
1.29420817E-1	5.05817309E-3
1.28345117E-1	5.05849486E-3
1.26694188E-1	5.05861081E-3
1.25197127E-1	5.05873235E-3
1.24779992E-1	5.05906064E-3
1.23658873E-1	5.05919009E-3
1.22875072E-1	5.05934004E-3
1.22486800E-1	5.05955936E-3
1.21295750E-1	5.05970465E-3
1.19826011E-1	5.05996682E-3
1.18894771E-1	5.06014796E-3
1.18081629E-1	5.06018708E-3
1.17611453E-1	5.06016240E-3
1.17181189E-1	5.06015960E-3
1.16961367E-1	5.06038079E-3
1.15515389E-1	5.06055867E-3
1.13541290E-1	5.06112631E-3
1.12281881E-1	5.06151700E-3
1.10652626E-1	5.06179128E-3
1.09926529E-1	5.06200362E-3
1.09082259E-1	5.06223226E-3
1.07725441E-1	5.06246369E-3
1.06288955E-1	5.06258057E-3
1.05365075E-1	5.06295729E-3
1.04638375E-1	5.06330468E-3
1.03601411E-1	5.06348955E-3
1.02374822E-1	5.06360596E-3
9.87918600E-2	5.06396173E-3
9.87761989E-2	5.06402040E-3
9.86501575E-2	5.06427931E-3
9.83870998E-2	5.06447349E-3
9.73440483E-2	5.06452378E-3
9.59186181E-2	5.06460946E-3
9.53445733E-2	5.06491680E-3
9.32041407E-2	5.06539689E-3
9.14610103E-2	5.06567536E-3
9.03444365E-2	5.06606000E-3
8.86202976E-2	5.06657129E-3
8.74736235E-2	5.06682601E-3
8.57599452E-2	5.06723719E-3
8.47936496E-2	5.06744580E-3
8.39578658E-2	5.06753055E-3
8.38612989E-2	5.06764511E-3
8.38991478E-2	5.06759528E-3
8.39236900E-2	5.06745372E-3
8.39736611E-2	5.06743835E-3
8.39904994E-2	5.06734801E-3
8.41058642E-2	5.06726839E-3
8.41193721E-2	5.06732799E-3
8.39862525E-2	5.06733591E-3
8.34204331E-2	5.06742019E-3
8.19407478E-2	5.06780250E-3
8.00842643E-2	5.06832916E-3
7.93027654E-2	5.06859459E-3
7.71991387E-2	5.06898528E-3
7.57994726E-2	5.06931078E-3
7.48868734E-2	5.06938575E-3
7.37960041E-2	5.06958552E-3
7.22954720E-2	5.06969169E-3
7.07705021E-2	5.07004233E-3
6.88688904E-2	5.07043302E-3
6.63603842E-2	5.07069705E-3
6.40005469E-2	5.07114781E-3
6.27788901E-2	5.07149007E-3
6.18442260E-2	5.07174246E-3
6.05320446E-2	5.07216854E-3
5.95714599E-2	5.07253688E-3
5.83172925E-2	5.07259509E-3
5.62864169E-2	5.07293968E-3
5.48358895E-2	5.07338950E-3
5.28045148E-2	5.07360045E-3
5.15040755E-2	5.07403165E-3
4.96054590E-2	5.07435761E-3
4.82398570E-2	5.07461745E-3
4.62366231E-2	5.07484050E-3
4.45728861E-2	5.07516647E-3
4.39160690E-2	5.07543841E-3
4.20904458E-2	5.07556787E-3
4.07441854E-2	5.07584680E-3
3.94236967E-2	5.07625099E-3
3.77365462E-2	5.07630641E-3
3.64240222E-2	5.07648429E-3
3.57402004E-2	5.07672457E-3
3.50748561E-2	5.07678417E-3
3.40003558E-2	5.07683074E-3
3.30053084E-2	5.07693272E-3
3.23114768E-2	5.07711899E-3
3.15742902E-2	5.07720932E-3
3.03845946E-2	5.07730106E-3
2.94743534E-2	5.07747335E-3
2.84753777E-2	5.07747987E-3
2.66674738E-2	5.07753994E-3
2.54148450E-2	5.07768663E-3
2.34607011E-2	5.07781282E-3
2.18547247E-2	5.07793017E-3
2.09918525E-2	5.07795950E-3
1.99643783E-2	5.07797999E-3
1.91293769E-2	5.07796137E-3
1.80800781E-2	5.07807871E-3
1.73258614E-2	5.07794321E-3
1.59663465E-2	5.07811131E-3
1.42772282E-2	5.07798558E-3
1.31562753E-2	5.07770665E-3
1.21179251E-2	5.07757999E-3
1.09396875E-2	5.07741934E-3
1.02058155E-2	5.07726334E-3
8.98597762E-3	5.07705379E-3
6.01442903E-3	5.07666450E-3
3.12045915E-3	5.07621886E-3
1.50184857E-3	5.07598789E-3
3.84553743E-4	5.07564005E-3
3.00016709E-5	5.07559860E-3
3.14906574E-5	5.07554784E-3
2.79389078E-5	5.07561117E-3
2.66042462E-5	5.07567730E-3
2.55578852E-5	5.07577369E-3
2.43046252E-5	5.07558370E-3
2.31553786E-5	5.07542072E-3
2.26160882E-5	5.07540675E-3
2.17794513E-5	5.07542212E-3
2.09931241E-5	5.07561909E-3
2.04074786E-5	5.07576577E-3
2.01310486E-5	5.07564517E-3
1.98229627E-5	5.07551292E-3
1.94001223E-5	5.07561397E-3
1.89546699E-5	5.07563492E-3
1.87302485E-5	5.07565634E-3
1.81779542E-5	5.07591665E-3
1.78823047E-5	5.07589197E-3
1.75663045E-5	5.07579604E-3
1.73695826E-5	5.07582445E-3
1.70309704E-5	5.07564377E-3
1.67850667E-5	5.07555297E-3
1.64634130E-5	5.07547334E-3
1.61264979E-5	5.07542025E-3
1.59167721E-5	5.07540349E-3
1.56753922E-5	5.07534388E-3
1.55889011E-5	5.07538998E-3
1.56437345E-5	5.07536717E-3
1.54645368E-5	5.07532666E-3
1.52593348E-5	5.07543236E-3
1.51474069E-5	5.07538347E-3
1.49829066E-5	5.07537974E-3
1.48574109E-5	5.07552829E-3
1.47714854E-5	5.07539976E-3
1.44046089E-5	5.07541560E-3
1.41502260E-5	5.07542072E-3
1.39987269E-5	5.07541327E-3
1.39297608E-5	5.07552270E-3
1.38896248E-5	5.07577322E-3
1.40049451E-5	5.07568056E-3
1.38907553E-5	5.07579092E-3
1.36329809E-5	5.07570570E-3
1.35527089E-5	5.07555716E-3
1.33672920E-5	5.07567124E-3
1.32909772E-5	5.07561257E-3
1.32536679E-5	5.07563120E-3
1.31281722E-5	5.07575553E-3
1.30501612E-5	5.07566612E-3
1.28964011E-5	5.07562002E-3
1.26996783E-5	5.07580023E-3
1.27228550E-5	5.07580349E-3
1.26804580E-5	5.07583516E-3
1.25498755E-5	5.07582165E-3
1.24978678E-5	5.07575274E-3
1.23961145E-5	5.07566100E-3
1.25430915E-5	5.07558836E-3
1.28432630E-5	5.07551897E-3
1.29676282E-5	5.07559394E-3
1.29512346E-5	5.07570803E-3
1.27019393E-5	5.07575041E-3
1.26906334E-5	5.07584866E-3
1.25815313E-5	5.07581979E-3
1.18460821E-5	5.07583562E-3
1.09336952E-5	5.07585239E-3
9.85906718E-6	5.07597253E-3
8.35820538E-6	5.07608755E-3
7.41359599E-6	5.07596042E-3
7.26152984E-6	5.07593201E-3
7.14677526E-6	5.07584820E-3
7.17560488E-6	5.07574994E-3
7.22817776E-6	5.07574202E-3
7.18804176E-6	5.07581374E-3
7.12020619E-6	5.07580861E-3
7.13094687E-6	5.07588731E-3
7.05519733E-6	5.07589336E-3
7.03484648E-6	5.07585611E-3
7.16316845E-6	5.07592084E-3
7.14620955E-6	5.07585611E-3
7.01393083E-6	5.07597439E-3
7.05124012E-6	5.07597998E-3
6.98227404E-6	5.07610245E-3
6.92857111E-6	5.07595344E-3
6.94157279E-6	5.07597020E-3
6.93761604E-6	5.07602328E-3
6.87430293E-6	5.07590873E-3
6.71149792E-6	5.07598091E-3
6.64083609E-6	5.07597579E-3
6.64875006E-6	5.07598836E-3
6.74089324E-6	5.07598137E-3
6.87543343E-6	5.07593527E-3
6.94383425E-6	5.07588312E-3
6.81777328E-6	5.07592782E-3
6.85564828E-6	5.07583143E-3
6.80420635E-6	5.07583935E-3
6.55943359E-6	5.07594831E-3
6.53229927E-6	5.07592876E-3
6.28809175E-6	5.07586775E-3
6.18238164E-6	5.07597392E-3
2.03989612E-6	5.07589988E-3
1.32084097E-6	5.07573364E-3
7.26150290E-7	5.07572945E-3
9.50006836E-7	5.07563306E-3
3.27054613E-6	5.07551478E-3
2.98959435E-6	5.07546309E-3
2.84600924E-6	5.07562468E-3
2.91610581E-6	5.07571548E-3
2.81717917E-6	5.07590268E-3
2.88727574E-6	5.07615041E-3
2.94889287E-6	5.07589104E-3
2.91271408E-6	5.07582398E-3
3.00881425E-6	5.07575041E-3
3.11622034E-6	5.07577043E-3
3.12752627E-6	5.07591479E-3
3.21232051E-6	5.07585332E-3
3.14787690E-6	5.07584773E-3
3.06986612E-6	5.07574528E-3
3.07778032E-6	5.07555250E-3
3.06082143E-6	5.07561397E-3
2.90762637E-6	5.07565634E-3
2.90762637E-6	5.07574156E-3
3.02407716E-6	5.07585425E-3
2.99920430E-6	5.07590314E-3
3.09982670E-6	5.07578254E-3
3.18857815E-6	5.07576019E-3
3.23436689E-6	5.07576112E-3
3.14391968E-6	5.07576298E-3
3.06647439E-6	5.07572154E-3
2.98281066E-6	5.07573551E-3
2.86918635E-6	5.07562468E-3
2.89292871E-6	5.07551339E-3
3.20157983E-6	5.07568941E-3
3.31068168E-6	5.07555995E-3
3.13657097E-6	5.07586682E-3
3.10661017E-6	5.07610338E-3
3.03368711E-6	5.07599302E-3
2.90253888E-6	5.07598789E-3
2.79682877E-6	5.07579092E-3
2.67076825E-6	5.07574668E-3
2.24340556E-6	5.07574016E-3
2.20835727E-6	5.07581048E-3
2.27732335E-6	5.07574016E-3
2.55940563E-6	5.07569313E-3
2.77308709E-6	5.07583655E-3
3.07269352E-6	5.07571781E-3
3.26432860E-6	5.07573690E-3
3.28241799E-6	5.07566333E-3
3.20214599E-6	5.07569592E-3
3.13996361E-6	5.07559022E-3
3.13374539E-6	5.07575320E-3
2.96189569E-6	5.07585146E-3
3.08682593E-6	5.07585471E-3
3.32820696E-6	5.07598137E-3
3.40056454E-6	5.07602096E-3
3.42826411E-6	5.07602654E-3
3.37229994E-6	5.07588219E-3
3.27111206E-6	5.07596042E-3
3.28072201E-6	5.07572992E-3
3.40452175E-6	5.07569313E-3
3.49214247E-6	5.07569639E-3
3.48479352E-6	5.07562980E-3
3.43787406E-6	5.07575460E-3
3.32877221E-6	5.07585471E-3
3.15240004E-6	5.07588219E-3
3.17501190E-6	5.07570151E-3
3.03764523E-6	5.07552596E-3
3.20723370E-6	5.07565076E-3
3.33555568E-6	5.07573737E-3
3.44070054E-6	5.07588312E-3
3.49214247E-6	5.07600838E-3
3.37343045E-6	5.07594226E-3
3.41073996E-6	5.07585704E-3
3.24284724E-6	5.07587334E-3
3.16031401E-6	5.07575413E-3
3.26319764E-6	5.07592130E-3
3.31237811E-6	5.07595483E-3
3.36721155E-6	5.07610617E-3
3.41978398E-6	5.07632317E-3
3.36212406E-6	5.07621560E-3
3.19423134E-6	5.07613923E-3
-8.46202078E-4	5.07602654E-3
-2.32013990E-3	5.07553294E-3
-2.81635183E-3	5.07537788E-3
-4.30141017E-3	5.07531734E-3
-4.93728649E-3	5.07530523E-3
-4.94759716E-3	5.07552363E-3
-5.12782438E-3	5.07537555E-3
-5.36147086E-3	5.07511431E-3
-5.59544563E-3	5.07504493E-3
-6.05556602E-3	5.07476740E-3
-6.38955273E-3	5.07490756E-3
-6.58319844E-3	5.07465377E-3
-7.02780625E-3	5.07458160E-3
-7.25229271E-3	5.07473620E-3
-7.74807436E-3	5.07456576E-3
-8.14446248E-3	5.07471478E-3
-8.68517626E-3	5.07462770E-3
-9.18106269E-3	5.07449405E-3
-9.35269799E-3	5.07439440E-3
-9.99718253E-3	5.07443957E-3
-1.07658822E-2	5.07460814E-3
-1.14697032E-2	5.07499464E-3
-1.25267934E-2	5.07547567E-3
-1.30806426E-2	5.07554365E-3
-1.35451509E-2	5.07575320E-3
-1.42969526E-2	5.07596927E-3
-1.49566690E-2	5.07650478E-3
-1.54030938E-2	5.07697836E-3
-1.59212444E-2	5.07748593E-3
-1.65442191E-2	5.07767452E-3
-1.71413030E-2	5.07785054E-3
-1.76148694E-2	5.07813599E-3
-1.82624497E-2	5.07843960E-3
-1.88855007E-2	5.07882936E-3
-1.91100016E-2	5.07904822E-3
-1.99820809E-2	5.07913949E-3
-2.10261140E-2	5.07919258E-3
-2.14025192E-2	5.07915951E-3
-2.26276349E-2	5.07897558E-3
-2.36591287E-2	5.07890992E-3
-2.42561866E-2	5.07867709E-3
-2.50531361E-2	5.07855462E-3
-2.54557654E-2	5.07854717E-3
-2.58075539E-2	5.07834740E-3
-2.60241721E-2	5.07837208E-3
-2.62313765E-2	5.07825706E-3
-2.66260393E-2	5.07816765E-3
-2.70828865E-2	5.07811923E-3
-2.81473938E-2	5.07797860E-3
-2.97304504E-2	5.07757021E-3
-3.09701152E-2	5.07714041E-3
-3.26209702E-2	5.07684145E-3
-3.36981043E-2	5.07653644E-3
-3.39450687E-2	5.07652108E-3
-3.44704092E-2	5.07640652E-3
-3.51413414E-2	5.07634599E-3
-3.56836021E-2	5.07616438E-3
-3.64281386E-2	5.07610198E-3
-3.70220169E-2	5.07611642E-3
-3.73904519E-2	5.07593760E-3
-3.78988497E-2	5.07577183E-3
-3.88304405E-2	5.07557159E-3
-3.98285985E-2	5.07538579E-3
-4.05834541E-2	5.07536205E-3
-4.13207486E-2	5.07527776E-3
-4.23656106E-2	5.07510733E-3
-4.30627540E-2	5.07484889E-3
-4.40351814E-2	5.07458346E-3
-4.48021591E-2	5.07445307E-3
-4.50344793E-2	5.07446472E-3
-4.58829328E-2	5.07436320E-3
-4.70851585E-2	5.07430453E-3
-4.79891673E-2	5.07421605E-3
-4.88990545E-2	5.07392967E-3
-5.00214361E-2	5.07387239E-3
-5.05574495E-2	5.07381465E-3
-5.07284813E-2	5.07339323E-3
-5.09656034E-2	5.07328985E-3
-5.12228347E-2	5.07297600E-3
-5.16169108E-2	5.07286843E-3
-5.25643304E-2	5.07290522E-3
-5.34914322E-2	5.07269753E-3
-5.39671257E-2	5.07263420E-3
-5.42028174E-2	5.07258624E-3
-5.42527474E-2	5.07267192E-3
-5.43532521E-2	5.07259322E-3
-5.45574464E-2	5.07264212E-3
-5.52922376E-2	5.07260859E-3
-5.59424944E-2	5.07230544E-3
-5.69188185E-2	5.07216528E-3
-5.79106882E-2	5.07199531E-3
-5.85101172E-2	5.07166702E-3
-5.91276325E-2	5.07158367E-3
-6.01580031E-2	5.07148961E-3
-6.08071871E-2	5.07151475E-3
-6.14124425E-2	5.07143326E-3
-6.23001792E-2	5.07125165E-3
-6.31273687E-2	5.07095922E-3
-6.37679398E-2	5.07060764E-3
-6.47972375E-2	5.07045863E-3
-6.55438453E-2	5.07030403E-3
-6.60136491E-2	5.07008238E-3
-6.70542940E-2	5.07007120E-3
-6.77385777E-2	5.06999437E-3
-6.89259395E-2	5.06970659E-3
-6.99568018E-2	5.06954407E-3
-7.15149865E-2	5.06919017E-3
-7.28494376E-2	5.06863184E-3
-7.52907395E-2	5.06834174E-3
-7.65795186E-2	5.06789470E-3
-7.78831467E-2	5.06785419E-3
-7.83576965E-2	5.06795291E-3
-7.84329548E-2	5.06785419E-3
-7.84189701E-2	5.06788213E-3
-7.84137174E-2	5.06771449E-3
-7.87334591E-2	5.06769307E-3
-7.95187950E-2	5.06742578E-3
-8.03477913E-2	5.06708538E-3
-8.15333724E-2	5.06690703E-3
-8.32284465E-2	5.06658666E-3
-8.41806680E-2	5.06626861E-3
-8.54970589E-2	5.06595243E-3
-8.61290619E-2	5.06586209E-3
-8.70161206E-2	5.06573124E-3
-8.77315030E-2	5.06565720E-3
-8.91316086E-2	5.06558735E-3
-9.06712040E-2	5.06527210E-3
-9.12338272E-2	5.06499363E-3
-9.30320546E-2	5.06474869E-3
-9.44570675E-2	5.06450096E-3
-9.52010751E-2	5.06434171E-3
-9.60458890E-2	5.06426953E-3
-9.64392871E-2	5.06423833E-3
-9.66980383E-2	5.06428396E-3
-9.71042886E-2	5.06425276E-3
-9.74278525E-2	5.06422808E-3
-9.75860208E-2	5.06410515E-3
-9.78823155E-2	5.06387744E-3
-9.85397398E-2	5.06362086E-3
-9.93298888E-2	5.06327581E-3
-9.96274278E-2	5.06300014E-3
-1.00673847E-1	5.06294519E-3
-1.01873443E-1	5.06263087E-3
-1.02827854E-1	5.06240129E-3
-1.03999659E-1	5.06223319E-3
-1.05619997E-1	5.06208790E-3
-1.06490374E-1	5.06198779E-3
-1.07759066E-1	5.06186299E-3
-1.08807519E-1	5.06169628E-3
-1.09495737E-1	5.06140478E-3
-1.10263214E-1	5.06115565E-3
-1.11336783E-1	5.06087067E-3
-1.12303160E-1	5.06056426E-3
-1.12962201E-1	5.06050559E-3
-1.14022218E-1	5.06039709E-3
-1.14866711E-1	5.06020477E-3
-1.15871012E-1	5.06004086E-3
-1.21290378E-1	5.05954958E-3
-1.21285386E-1	5.05916215E-3
-1.21302500E-1	5.05877845E-3
-1.21387869E-1	5.05861081E-3
-1.21594898E-1	5.05872443E-3
-1.22144625E-1	5.05870441E-3
-1.22629032E-1	5.05884876E-3
-1.23778433E-1	5.05852560E-3
-1.25151843E-1	5.05843991E-3
-1.25991836E-1	5.05823921E-3
-1.27303660E-1	5.05792536E-3
-1.28026605E-1	5.05785039E-3
-1.28857255E-1	5.05760778E-3
-1.30413353E-1	5.05742989E-3
-1.32211596E-1	5.05703874E-3
-1.33396745E-1	5.05668810E-3
-1.34371504E-1	5.05657028E-3
-1.35620221E-1	5.05648321E-3
-1.36651427E-1	5.05641382E-3
-1.37318209E-1	5.05628716E-3
-1.38446435E-1	5.05590811E-3
-1.39865801E-1	5.05554490E-3
-1.40410438E-1	5.05523942E-3
-1.42430976E-1	5.05489111E-3
-1.44328877E-1	5.05461032E-3
-1.45545453E-1	5.05419401E-3
-1.47456691E-1	5.05384384E-3
-1.49280518E-1	5.05352393E-3
-1.50599927E-1	5.05326269E-3
-1.52318388E-1	5.05306292E-3
-1.53131634E-1	5.05270343E-3
-1.53698534E-1	5.05250506E-3
-1.56947792E-1	5.05199051E-3
-1.62171274E-1	5.05106756E-3
-1.65522873E-1	5.05005801E-3
-1.68878749E-1	5.04939491E-3
-1.71165019E-1	5.04936138E-3
-1.70380920E-1	5.04948711E-3
-1.69835001E-1	5.04957186E-3
-1.69286966E-1	5.04984939E-3
-1.68519527E-1	5.04982565E-3
-1.68825507E-1	5.04976232E-3
-1.70695692E-1	5.04947454E-3
-1.73140481E-1	5.04888222E-3
-1.75148964E-1	5.04827732E-3
-1.78116322E-1	5.04775206E-3
-1.80727094E-1	5.04733948E-3
-1.82425275E-1	5.04685706E-3
-1.84190124E-1	5.04666381E-3
-1.86436936E-1	5.04640723E-3
-1.87882528E-1	5.04606124E-3
-1.90018952E-1	5.04582701E-3
-1.91836029E-1	5.04522957E-3
-1.93100691E-1	5.04485378E-3
-1.94403470E-1	5.04454505E-3
-1.96554199E-1	5.04410453E-3
-1.98726386E-1	5.04381536E-3
-2.00087011E-1	5.04339440E-3
-2.02033624E-1	5.04294597E-3
-2.03329459E-1	5.04242582E-3
-2.04811111E-1	5.04205143E-3
-2.07620963E-1	5.04172314E-3
-2.10540459E-1	5.04114758E-3
-2.12523445E-1	5.04064420E-3
-2.15042651E-1	5.04035316E-3
-2.16961190E-1	5.04011475E-3
-2.17505649E-1	5.03986795E-3
-2.18922719E-1	5.03969472E-3
-2.20313907E-1	5.03944559E-3
-2.21268460E-1	5.03903022E-3
-2.22751379E-1	5.03877224E-3
-2.23747790E-1	5.03867865E-3
-2.25151405E-1	5.03829494E-3
-2.25957304E-1	5.03813615E-3
-2.27158368E-1	5.03792381E-3
-2.28316545E-1	5.03773708E-3
-2.29235187E-1	5.03758341E-3
-2.30787873E-1	5.03724627E-3
-2.31755123E-1	5.03693055E-3
-2.32807353E-1	5.03667025E-3
-2.35091850E-1	5.03630890E-3
-2.37427816E-1	5.03593450E-3
-2.38951370E-1	5.03548561E-3
-2.40740925E-1	5.03514567E-3
-2.41845936E-1	5.03514893E-3
-2.42332384E-1	5.03496779E-3
-2.44742185E-1	5.03458362E-3
-2.47840375E-1	5.03415521E-3
-2.49807373E-1	5.03338827E-3
-2.52159834E-1	5.03310794E-3
-2.53351331E-1	5.03286207E-3
-2.53987283E-1	5.03276568E-3
-2.54594564E-1	5.03246998E-3
-2.55717516E-1	5.03231632E-3
-2.56916940E-1	5.03200898E-3
-2.57597268E-1	5.03186788E-3
-2.58591741E-1	5.03159873E-3
-2.60273606E-1	5.03122387E-3
-2.61523545E-1	5.03064692E-3
-2.65770078E-1	5.02992980E-3
-2.69929886E-1	5.02924668E-3
-2.72304863E-1	5.02869859E-3
-2.73231804E-1	5.02863154E-3
-2.73451746E-1	5.02844667E-3
-2.74436116E-1	5.02814539E-3
-2.75417149E-1	5.02790464E-3
-2.77478695E-1	5.02739660E-3
-2.79319048E-1	5.02694817E-3
-2.82006979E-1	5.02643781E-3
-2.85120308E-1	5.02578029E-3
-2.86948711E-1	5.02539054E-3
-2.89367855E-1	5.02501102E-3
-2.91124761E-1	5.02478704E-3
-2.92199910E-1	5.02435956E-3
-2.93522567E-1	5.02419285E-3
-2.95624018E-1	5.02397446E-3
-2.97715127E-1	5.02361776E-3
-2.99169660E-1	5.02331741E-3
-3.01395684E-1	5.02281636E-3
-3.02989751E-1	5.02239913E-3
-3.04734170E-1	5.02192881E-3
-3.07602882E-1	5.02146641E-3
-3.10414165E-1	5.02080610E-3
-3.12079668E-1	5.02045825E-3
-3.14248174E-1	5.02031110E-3
-3.15749347E-1	5.02005778E-3
-3.16589922E-1	5.02007874E-3
-3.17729890E-1	5.01988642E-3
-3.19554806E-1	5.01959911E-3
-3.20926189E-1	5.01918606E-3
-3.22982788E-1	5.01874881E-3
-3.24319690E-1	5.01826312E-3
-3.25004935E-1	5.01798140E-3
-3.26121867E-1	5.01784962E-3
-3.27325225E-1	5.01764566E-3
-3.28256547E-1	5.01737138E-3
-3.29273641E-1	5.01720281E-3
-3.30600172E-1	5.01684472E-3
-3.31886411E-1	5.01669012E-3
-3.32895428E-1	5.01613319E-3
-3.34542453E-1	5.01587940E-3
-3.36054862E-1	5.01559814E-3
-3.36896956E-1	5.01541188E-3
-3.37834626E-1	5.01549523E-3
-3.38494927E-1	5.01548871E-3
-3.39348018E-1	5.01526846E-3
-3.40915233E-1	5.01504587E-3
-3.42605799E-1	5.01454668E-3
-3.43641490E-1	5.01406891E-3
-3.44986856E-1	5.01376064E-3
-3.46165985E-1	5.01349196E-3
-3.46964985E-1	5.01339184E-3
-3.48592937E-1	5.01335599E-3
-3.50104958E-1	5.01317438E-3
-3.51031721E-1	5.01295365E-3
-3.52120101E-1	5.01291873E-3
-3.52627277E-1	5.01263607E-3
-3.53249818E-1	5.01248054E-3
-3.54394525E-1	5.01226913E-3
-3.55363190E-1	5.01202838E-3
-3.55869800E-1	5.01182070E-3
-3.56684625E-1	5.01166144E-3
-3.57332289E-1	5.01142256E-3
-3.58674377E-1	5.01126656E-3
-3.59652042E-1	5.01110032E-3
-3.60909253E-1	5.01088845E-3
-3.61758024E-1	5.01078647E-3
-3.62073421E-1	5.01062674E-3
-3.62263799E-1	5.01062209E-3
-3.62211823E-1	5.01051731E-3
-3.62077683E-1	5.01059555E-3
-3.61926556E-1	5.01072034E-3
-3.61865610E-1	5.01072081E-3
-3.62330884E-1	5.01059368E-3
-3.63716722E-1	5.01034455E-3
-3.67135048E-1	5.00978623E-3
-3.68035942E-1	5.00921579E-3
-3.70369434E-1	5.00895223E-3
-3.71713549E-1	5.00878226E-3
-3.72791648E-1	5.00826817E-3
-3.74923915E-1	5.00785606E-3
-3.77144188E-1	5.00760367E-3
-3.78447533E-1	5.00709144E-3
-3.79869431E-1	5.00670355E-3
-3.82392496E-1	5.00633195E-3
-3.84566545E-1	5.00553520E-3
-3.88409764E-1	5.00510400E-3
-3.92083883E-1	5.00453729E-3
-3.94294918E-1	5.00386907E-3
-3.97173554E-1	5.00344951E-3
-3.99526089E-1	5.00303553E-3
-4.01396364E-1	5.00237523E-3
-4.04994637E-1	5.00157010E-3
-4.08840001E-1	5.00099361E-3
-4.12062556E-1	5.00017684E-3
-4.15058792E-1	4.99946764E-3
-4.18125838E-1	4.99908533E-3
-4.20464277E-1	4.99877334E-3
-4.21473593E-1	4.99845156E-3
-4.23983574E-1	4.99802455E-3
-4.26973134E-1	4.99775633E-3
-4.29076582E-1	4.99696797E-3
-4.31460261E-1	4.99667041E-3
-4.32617724E-1	4.99625364E-3
-4.33389634E-1	4.99600591E-3
-4.34601635E-1	4.99580475E-3
-4.35989857E-1	4.99554118E-3
-4.37000722E-1	4.99533117E-3
-4.38544363E-1	4.99513699E-3
-4.39867675E-1	4.99486784E-3
-4.40279633E-1	4.99449670E-3
-4.41776127E-1	4.99394583E-3
-4.43234652E-1	4.99376282E-3
-4.43992972E-1	4.99352487E-3
-4.44975644E-1	4.99348063E-3
-4.45410639E-1	4.99350624E-3
-4.45832998E-1	4.99323336E-3
-4.47140604E-1	4.99309925E-3
-4.48492616E-1	4.99274628E-3
-4.49369073E-1	4.99231275E-3
-4.50539410E-1	4.99210181E-3
-4.50975060E-1	4.99201566E-3
-4.51442122E-1	4.99199796E-3
-4.51646626E-1	4.99202218E-3
-4.51628685E-1	4.99205617E-3
-4.51570958E-1	4.99201473E-3
-4.51497823E-1	4.99202870E-3
-4.51428443E-1	4.99200588E-3
-4.51497704E-1	4.99191228E-3
-4.52091992E-1	4.99158306E-3
-4.53715950E-1	4.99136234E-3
-4.55539495E-1	4.99102753E-3
-4.57542449E-1	4.99016466E-3
-4.60417986E-1	4.98993881E-3
-4.62375998E-1	4.98968363E-3
-4.63049203E-1	4.98956628E-3
-4.63744640E-1	4.98954114E-3
-4.64398474E-1	4.98946616E-3
-4.65001404E-1	4.98922030E-3
-4.66019750E-1	4.98906104E-3
-4.66811568E-1	4.98898048E-3
-4.67610061E-1	4.98867407E-3
-4.69325304E-1	4.98845568E-3
-4.71101999E-1	4.98809805E-3
-4.72151190E-1	4.98772319E-3
-4.73540485E-1	4.98731714E-3
-4.74353671E-1	4.98718908E-3
-4.74924922E-1	4.98714251E-3
-4.76073384E-1	4.98691667E-3
-4.77384448E-1	4.98690922E-3
-4.78358626E-1	4.98654274E-3
-4.79571491E-1	4.98604914E-3
-4.81263757E-1	4.98576928E-3
-4.82277155E-1	4.98547126E-3
-4.83736217E-1	4.98526404E-3
-4.84653473E-1	4.98517044E-3
-4.85197097E-1	4.98467777E-3
-4.86077428E-1	4.98428568E-3
-4.86754239E-1	4.98432154E-3
-4.87145245E-1	4.98409476E-3
-4.87678707E-1	4.98424144E-3
-4.88079578E-1	4.98426333E-3
-4.88278896E-1	4.98414785E-3
-4.88452792E-1	4.98395367E-3
-4.88813847E-1	4.98374877E-3
-4.89224613E-1	4.98364773E-3
-4.89541888E-1	4.98357369E-3
-4.89971995E-1	4.98379627E-3
-4.90178138E-1	4.98389173E-3
-4.90319788E-1	4.98400070E-3
-4.90203977E-1	4.98403748E-3
-4.88357931E-1	4.98434016E-3
-4.86398339E-1	4.98462142E-3
-4.83519256E-1	4.98508522E-3
-4.81130272E-1	4.98546846E-3
-4.80760992E-1	4.98551968E-3
-4.80706275E-1	4.98559792E-3
-4.80698586E-1	4.98561375E-3
-4.80694085E-1	4.98563377E-3
-4.80691612E-1	4.98568220E-3
-4.80682641E-1	4.98564262E-3
-4.80640143E-1	4.98560723E-3
-4.80553448E-1	4.98566125E-3
-4.80479509E-1	4.98566497E-3
-4.80430394E-1	4.98558395E-3
-4.80374902E-1	4.98560490E-3
-4.80321318E-1	4.98555787E-3
-4.80279773E-1	4.98540653E-3
-4.80252355E-1	4.98549454E-3
-4.80219901E-1	4.98547172E-3
-4.80189264E-1	4.98544052E-3
-4.80179399E-1	4.98559372E-3
-4.80154932E-1	4.98566590E-3
-4.80098754E-1	4.98576229E-3
-4.80077833E-1	4.98576369E-3
-4.80044514E-1	4.98562353E-3
-4.80015039E-1	4.98565799E-3
-4.79996085E-1	4.98554343E-3
-4.79984671E-1	4.98559047E-3
-4.79939997E-1	4.98566870E-3
-4.79910493E-1	4.98569338E-3
-4.79869902E-1	4.98577487E-3
-4.79858428E-1	4.98580839E-3
-4.79845226E-1	4.98604728E-3
-4.79798883E-1	4.98589408E-3
-4.79786843E-1	4.98589780E-3
-4.79764074E-1	4.98591410E-3
-4.79701459E-1	4.98585962E-3
-4.79694605E-1	4.98585869E-3
-4.79658753E-1	4.98584751E-3
-4.79618102E-1	4.98578651E-3
-4.79605168E-1	4.98571806E-3
-4.79561001E-1	4.98571526E-3
-4.79556859E-1	4.98567894E-3
-4.79521513E-1	4.98560397E-3
-4.79495734E-1	4.98554157E-3
-4.79483128E-1	4.98559326E-3
-4.79453266E-1	4.98568406E-3
-4.79459465E-1	4.98576369E-3
-4.79439527E-1	4.98587033E-3
-4.79411095E-1	4.98589873E-3
-4.79361504E-1	4.98599419E-3
-4.79348898E-1	4.98599652E-3
-4.79349941E-1	4.98594763E-3
-4.79334921E-1	4.98590851E-3
-4.79325294E-1	4.98552341E-3
-4.79308248E-1	4.98564588E-3
-4.79258895E-1	4.98581678E-3
-4.79243726E-1	4.98591876E-3
-4.79228288E-1	4.98611061E-3
-4.79174256E-1	4.98606544E-3
-4.79165137E-1	4.98600863E-3
-4.79155719E-1	4.98600444E-3
-4.79121387E-1	4.98594437E-3
-4.79119956E-1	4.98590013E-3
-4.79110748E-1	4.98588709E-3
-4.79074746E-1	4.98591131E-3
-4.79059249E-1	4.98598022E-3
-4.79036987E-1	4.98593505E-3
-4.79012281E-1	4.98588756E-3
-4.79007661E-1	4.98582050E-3
-4.78975236E-1	4.98584984E-3
-4.78943944E-1	4.98593599E-3
-4.78940904E-1	4.98598767E-3
-4.78919894E-1	4.98612970E-3
-4.78905767E-1	4.98618465E-3
-4.78954613E-1	4.98621538E-3
-4.79065329E-1	4.98606823E-3
-4.79458511E-1	4.98595135E-3
-4.80547100E-1	4.98574227E-3
-4.81787592E-1	4.98537254E-3
-4.84394699E-1	4.98480257E-3
-4.87530351E-1	4.98453388E-3
-4.88452286E-1	4.98396670E-3
-4.91856605E-1	4.98360442E-3
-4.93124545E-1	4.98331944E-3
-4.93957967E-1	4.98307077E-3
-4.95373845E-1	4.98268940E-3
-4.97374117E-1	4.98250406E-3
-4.98882145E-1	4.98203933E-3
-5.01084924E-1	4.98161651E-3
-5.01892626E-1	4.98161046E-3
-5.01613319E-1	4.98160860E-3
-5.00981688E-1	4.98166867E-3
-5.00478089E-1	4.98182513E-3
-5.00488818E-1	4.98172641E-3
-5.00483096E-1	4.98187449E-3
-5.00360429E-1	4.98181535E-3
-5.00269055E-1	4.98166680E-3
-5.00198364E-1	4.98169009E-3
-5.00153422E-1	4.98162536E-3
-5.00163794E-1	4.98169987E-3
-5.00177383E-1	4.98179020E-3
-5.00280201E-1	4.98184143E-3
-5.00285923E-1	4.98184189E-3
-5.00277877E-1	4.98182233E-3
-5.00232160E-1	4.98170219E-3
-5.00198841E-1	4.98162070E-3
-5.00180423E-1	4.98151127E-3
-5.00180602E-1	4.98149032E-3
-5.00154793E-1	4.98149358E-3
-5.00136256E-1	4.98173246E-3
-5.00088334E-1	4.98191500E-3
-5.00096858E-1	4.98190941E-3
-5.00070333E-1	4.98201931E-3
-5.00059128E-1	4.98205097E-3
-5.00056207E-1	4.98193363E-3
-5.00001311E-1	4.98210033E-3
-4.99990106E-1	4.98209475E-3
-4.99977350E-1	4.98204306E-3
-4.99967784E-1	4.98207845E-3
-4.99950588E-1	4.98186983E-3
-4.99948531E-1	4.98183724E-3
-4.99937147E-1	4.98185959E-3
-4.99860793E-1	4.98177903E-3
-4.99782741E-1	4.98181442E-3
-4.99724746E-1	4.98181861E-3
-4.99659747E-1	4.98169474E-3
-4.99628484E-1	4.98169521E-3
-4.99613762E-1	4.98163560E-3
-4.99614537E-1	4.98162257E-3
-4.99584407E-1	4.98179626E-3
-4.99601752E-1	4.98183537E-3
-4.99569297E-1	4.98177391E-3
-4.99532253E-1	4.98182140E-3
-4.99518394E-1	4.98163328E-3
-4.99487996E-1	4.98173153E-3
-4.99487519E-1	4.98172920E-3
-4.99479294E-1	4.98181675E-3
-4.99470711E-1	4.98206029E-3
-4.99445707E-1	4.98178182E-3
-4.99429762E-1	4.98176832E-3
-4.99416620E-1	4.98180324E-3
-4.99395162E-1	4.98158578E-3
-4.99379605E-1	4.98179812E-3
-4.99371499E-1	4.98188566E-3
-4.99348700E-1	4.98198951E-3
-4.99339402E-1	4.98214876E-3
-4.99335706E-1	4.98214317E-3
-4.99319524E-1	4.98187914E-3
-4.99323726E-1	4.98168729E-3
-4.99365121E-1	4.98173898E-3
-4.99344260E-1	4.98166773E-3
-4.99327153E-1	4.98180278E-3
-4.99331921E-1	4.98176366E-3
-4.99291867E-1	4.98163747E-3
-4.99301821E-1	4.98161092E-3
-4.99305636E-1	4.98159835E-3
-4.99290973E-1	4.98153688E-3
-4.99276876E-1	4.98164445E-3
-4.99283433E-1	4.98167798E-3
-4.99269962E-1	4.98176087E-3
-4.99228954E-1	4.98191733E-3
-4.99218583E-1	4.98185400E-3
-4.99158561E-1	4.98177251E-3
-4.99132931E-1	4.98174829E-3
-4.99091685E-1	4.98184469E-3
-4.99073386E-1	4.98187263E-3
-4.99028146E-1	4.98190196E-3
-4.99025732E-1	4.98196669E-3
-4.99045312E-1	4.98185540E-3
-4.99058872E-1	4.98192012E-3
-4.99089867E-1	4.98202909E-3
-4.99083549E-1	4.98202676E-3
-4.99031365E-1	4.98185726E-3
-4.99010950E-1	4.98190476E-3
-4.99001861E-1	4.98180743E-3
-4.98979181E-1	4.98176552E-3
-4.98946160E-1	4.98185772E-3
-4.98939365E-1	4.98176506E-3
-4.98903543E-1	4.98187589E-3
-4.98906970E-1	4.98191733E-3
-4.98923928E-1	4.98190802E-3
-4.98883873E-1	4.98179113E-3
-4.98869807E-1	4.98179533E-3
-4.98882622E-1	4.98171477E-3
-4.98839945E-1	4.98159602E-3
-4.98841733E-1	4.98160673E-3
-4.98822182E-1	4.98165376E-3
-4.98781800E-1	4.98187635E-3
-4.98794079E-1	4.98199137E-3
-4.98745978E-1	4.98199090E-3
-4.98725206E-1	4.98197787E-3
-4.98729885E-1	4.98193316E-3
-4.98851329E-1	4.98184282E-3
-5.03158748E-1	4.98210080E-3
-5.09455144E-1	4.98218508E-3
-5.25188267E-1	4.98223584E-3
-5.32186210E-1	4.98211617E-3
-5.32412231E-1	4.98206913E-3
-5.31721473E-1	4.98205796E-3
-5.17512321E-1	4.98195924E-3
-5.08393943E-1	4.98213386E-3
-5.08032918E-1	4.98209475E-3
-5.09206772E-1	4.98195272E-3
-5.11734962E-1	4.98198252E-3
-5.15634537E-1	4.98182978E-3
-5.13514221E-1	4.98183863E-3
-5.11298299E-1	4.98194061E-3
-5.11274159E-1	4.98180045E-3
-5.11639893E-1	4.98166867E-3
-5.11512041E-1	4.98171011E-3
-5.11170328E-1	4.98175900E-3
-5.10829329E-1	4.98186704E-3
-5.08402705E-1	4.98194015E-3
-5.10523856E-1	4.98192292E-3
-5.10132492E-1	4.98204073E-3
-5.08215129E-1	4.98203048E-3
-5.08746147E-1	4.98213479E-3
-4.97651398E-1	4.99907881E-3
3.87048558E-3	5.01781702E-3
2.43585533E-3	5.04641933E-3
1.15027407E-3	5.07491594E-3
3.14783596E-4	5.07696578E-3
-4.63438919E-4	5.07703144E-3
-2.65593728E-4	5.07698581E-3
-2.21236056E-4	5.07715298E-3
-1.76728077E-4	5.07729035E-3
-1.48284656E-4	5.07732620E-3
-1.33255133E-4	5.07739466E-3
-1.20951474E-4	5.07720793E-3
-1.06657411E-4	5.07711107E-3
-9.85640727E-5	5.07700397E-3
-8.79930376E-5	5.07703098E-3
-7.98929177E-5	5.07711899E-3
-7.53179775E-5	5.07712644E-3
-6.91523019E-5	5.07706217E-3
-6.41155129E-5	5.07705007E-3
-6.10165662E-5	5.07729547E-3
-5.67084462E-5	5.07727871E-3
-5.31793048E-5	5.07746590E-3
-5.09582569E-5	5.07744402E-3
-4.76145324E-5	5.07734995E-3
-4.57744973E-5	5.07735461E-3
-4.39717696E-5	5.07713808E-3
-4.11893816E-5	5.07711153E-3
-3.97981894E-5	5.07699931E-3
-3.75799718E-5	5.07715950E-3
-3.62323044E-5	5.07710641E-3
-3.43408246E-5	5.07714367E-3
-3.24267348E-5	5.07717486E-3
-3.13424971E-5	5.07694064E-3
-2.96686576E-5	5.07701188E-3
-2.83407771E-5	5.07697696E-3
-2.74193444E-5	5.07695461E-3
-2.65459639E-5	5.07690711E-3
-2.53486669E-5	5.07689267E-3
-2.51191577E-5	5.07684983E-3
-2.37409695E-5	5.07680746E-3
-2.26703014E-5	5.07680420E-3
-2.19523772E-5	5.07696299E-3
-2.12858959E-5	5.07695088E-3
-2.08670117E-5	5.07695461E-3
-1.98166908E-5	5.07683540E-3
-1.96731053E-5	5.07675996E-3
-1.88245958E-5	5.07685123E-3
-1.82050317E-5	5.07689873E-3
-1.75984696E-5	5.07714786E-3
-1.69834275E-5	5.07718790E-3
-1.64469620E-5	5.07720141E-3
-1.56883343E-5	5.07710176E-3
-1.51151244E-5	5.07709756E-3
-1.47369410E-5	5.07702492E-3
-1.44554233E-5	5.07705286E-3
-1.40427574E-5	5.07711340E-3
-1.39166968E-5	5.07713482E-3
-1.33762733E-5	5.07714320E-3
-1.29132959E-5	5.07725030E-3
-1.25628121E-5	5.07721677E-3
-1.21083149E-5	5.07738581E-3
-1.15854155E-5	5.07738953E-3
-1.14904460E-5	5.07751899E-3
-1.09421089E-5	5.07762190E-3
-1.06950747E-5	5.07760467E-3
-1.03191524E-5	5.07740583E-3
-1.00359393E-5	5.07740956E-3
-9.75498733E-6	5.07735182E-3
-9.53565268E-6	5.07740304E-3
-9.14899010E-6	5.07738953E-3
-9.13146596E-6	5.07744355E-3
-8.70184067E-6	5.07751433E-3
-8.41636665E-6	5.07742027E-3
-8.19929210E-6	5.07748453E-3
-7.80923801E-6	5.07751061E-3
-7.50680510E-6	5.07750036E-3
-7.28464329E-6	5.07767592E-3
-7.34795640E-6	5.07767918E-3
-7.22867935E-6	5.07757394E-3
-7.13370946E-6	5.07760653E-3
-6.89119770E-6	5.07756183E-3
-6.80188077E-6	5.07745473E-3
-6.47796696E-6	5.07741142E-3
-6.47966272E-6	5.07742167E-3
-6.22019252E-6	5.07749524E-3
-6.02516593E-6	5.07743098E-3
-5.76852244E-6	5.07749198E-3
-5.70464408E-6	5.07733552E-3
-5.34115998E-6	5.07724844E-3
-5.28745704E-6	5.07722050E-3
-5.27106340E-6	5.07716322E-3
-5.11673852E-6	5.07722981E-3
-5.06529659E-6	5.07731829E-3
-4.92340769E-6	5.07720001E-3
-4.80921835E-6	5.07724145E-3
-4.55992358E-6	5.07719256E-3
-4.41633892E-6	5.07726753E-3
-4.47456432E-6	5.07733040E-3
-4.49491472E-6	5.07734064E-3
-4.30949831E-6	5.07733924E-3
-4.12521285E-6	5.07727265E-3
-3.92679431E-6	5.07723400E-3
-3.62888454E-6	5.07734390E-3
-3.56387568E-6	5.07746963E-3
-3.49321408E-6	5.07751387E-3
-3.47003697E-6	5.07756649E-3
-3.41011582E-6	5.07738395E-3
-3.53448036E-6	5.07739931E-3
-3.38524296E-6	5.07734623E-3
-3.31458114E-6	5.07723913E-3
-3.26653117E-6	5.07713296E-3
-3.19756532E-6	5.07705938E-3
-3.13255646E-6	5.07710082E-3
-3.08846347E-6	5.07716695E-3
-2.91717947E-6	5.07712737E-3
-2.74193826E-6	5.07717347E-3
-2.58196019E-6	5.07719209E-3
-2.44742023E-6	5.07711992E-3
-2.55934833E-6	5.07715717E-3
-2.55539135E-6	5.07725263E-3
-2.60683305E-6	5.07721212E-3
-2.58535192E-6	5.07725682E-3
-2.44007128E-6	5.07717114E-3
-2.30948831E-6	5.07724937E-3
-2.28348495E-6	5.07732946E-3
-2.05849778E-6	5.07736346E-3
-2.01666603E-6	5.07738767E-3
-2.06188975E-6	5.07734204E-3
-1.96974679E-6	5.07737696E-3
-1.97313852E-6	5.07739559E-3
-1.89060552E-6	5.07734856E-3
-1.77867742E-6	5.07731410E-3
-1.58421619E-6	5.07732760E-3
-1.47285334E-6	5.07733179E-3
-1.26425982E-6	5.07746544E-3
-1.21564460E-6	5.07752225E-3
-1.01439991E-6	5.07747754E-3
-1.00931231E-6	5.07749012E-3
-1.12915461E-6	5.07734064E-3
-1.04040339E-6	5.07724099E-3
-1.00309398E-6	5.07707288E-3
-9.35258754E-7	5.07705938E-3
-9.06994046E-7	5.07703563E-3
-8.65727600E-7	5.07700164E-3
-8.93992308E-7	5.07723494E-3
-8.72511123E-7	5.07726520E-3
-8.63466425E-7	5.07734949E-3
-6.84833537E-7	5.07741794E-3
-5.74601188E-7	5.07743144E-3
-5.49728270E-7	5.07738534E-3
-5.53120003E-7	5.07730059E-3
-3.71660661E-7	5.07718930E-3
-4.84154157E-7	5.07718232E-3
-4.79631922E-7	5.07723261E-3
-2.87432300E-7	5.07730152E-3
-3.35482497E-7	5.07737789E-3
-3.85228560E-7	5.07729640E-3
-1.20671217E-7	5.07704820E-3
-2.11794955E-8	5.07704960E-3
-3.19200808E-8	5.07700350E-3
8.21578627E-9	5.07712364E-3
4.26987121E-8	5.07731643E-3
-1.02016521E-7	5.07725915E-3
-1.39891213E-7	5.07727731E-3
-2.85283157E-8	5.07715717E-3
4.60904772E-8	5.07707475E-3
2.51746020E-8	5.07707754E-3
1.08838094E-7	5.07708872E-3
2.67120384E-7	5.07717719E-3
2.81252738E-7	5.07727917E-3
3.92615618E-7	5.07725868E-3
4.76279126E-7	5.07743144E-3
3.85266816E-7	5.07730525E-3
3.08952139E-7	5.07732760E-3
4.52536767E-7	5.07732946E-3
3.61524457E-7	5.07731177E-3
5.55985537E-7	5.07735135E-3
5.11327357E-7	5.07744867E-3
3.47957410E-7	5.07761398E-3
5.92729634E-7	5.07760141E-3
5.10196742E-7	5.07751107E-3
4.88150306E-7	5.07758511E-3
8.49373066E-7	5.07733086E-3
7.53838435E-7	5.07717347E-3
6.99004886E-7	5.07720700E-3
1.07549067E-6	5.07710315E-3
8.09237235E-7	5.07733505E-3
8.61809553E-7	5.07739838E-3
8.75376600E-7	5.07743983E-3
8.01323097E-7	5.07746823E-3
1.00595946E-6	5.07748593E-3
1.04326887E-6	5.07759955E-3
1.26373345E-6	5.07741701E-3
1.27108217E-6	5.07740397E-3
1.22077097E-6	5.07732900E-3
1.14502166E-6	5.07719070E-3
1.00652460E-6	5.07718325E-3
9.51691106E-7	5.07720513E-3
1.12240991E-6	5.07723121E-3
1.21398750E-6	5.07718278E-3
1.24225221E-6	5.07726753E-3
1.39431620E-6	5.07724611E-3
1.28521447E-6	5.07735508E-3
1.37961854E-6	5.07747894E-3
1.21172627E-6	5.07762097E-3
1.11166923E-6	5.07753389E-3
1.07379458E-6	5.07747382E-3
1.05683580E-6	5.07736672E-3
1.15632747E-6	5.07732248E-3
1.22585868E-6	5.07741282E-3
1.22133633E-6	5.07742958E-3
1.32195862E-6	5.07741654E-3
1.27899625E-6	5.07744495E-3
1.37622681E-6	5.07742865E-3
1.30104274E-6	5.07739605E-3
1.40336090E-6	5.07731177E-3
1.45932495E-6	5.07729081E-3
1.27221278E-6	5.07731317E-3
1.38131441E-6	5.07752225E-3
1.34683148E-6	5.07745799E-3
1.31687091E-6	5.07731363E-3
1.36944323E-6	5.07726101E-3
1.33269918E-6	5.07713435E-3
1.33722153E-6	5.07712318E-3
1.45593322E-6	5.07720793E-3
1.56164310E-6	5.07719256E-3
1.57690590E-6	5.07733598E-3
1.65774281E-6	5.07739047E-3
1.64134917E-6	5.07736905E-3
1.51924564E-6	5.07752923E-3
1.53281280E-6	5.07746683E-3
1.35361461E-6	5.07744635E-3
1.33269873E-6	5.07741794E-3
1.53111682E-6	5.07721165E-3
1.61082335E-6	5.07717580E-3
1.76232209E-6	5.07706963E-3
2.01613898E-6	5.07716928E-3
1.89460081E-6	5.07716741E-3
2.03027139E-6	5.07718837E-3
1.89460081E-6	5.07729873E-3
1.93756318E-6	5.07725123E-3
1.94321615E-6	5.07734856E-3
